Each numbered origami of degree  5  is represented as follows.
The format is (x,y,\epsilon), where x and y are shown as cycles, and \epsilon is shown as a list with + as 0 and - as 1.
O_ 0  = ( [[0, 1, 2, 3, 4]] [[0], [1], [2], [3], [4]] [0 0 0 0 0] ), abelian= True
O_ 1  = ( [[0, 1, 2, 3, 4]] [[0], [1], [2], [3, 4]] [0 0 0 0 0] ), abelian= True
O_ 2  = ( [[0, 1, 2, 3, 4]] [[0], [1], [2], [3, 4]] [0 0 0 1 0] ), abelian= False
O_ 3  = ( [[0, 1, 2, 3, 4]] [[0], [1], [2, 3, 4]] [0 0 0 0 0] ), abelian= True
O_ 4  = ( [[0, 1, 2, 3, 4]] [[0], [1], [2, 3, 4]] [0 0 1 0 0] ), abelian= False
O_ 5  = ( [[0, 1, 2, 3, 4]] [[0], [1], [2, 3, 4]] [0 0 0 1 0] ), abelian= False
O_ 6  = ( [[0, 1, 2, 3, 4]] [[0], [1], [2, 3, 4]] [0 0 1 1 0] ), abelian= False
O_ 7  = ( [[0, 1, 2, 3, 4]] [[0], [1], [2, 3, 4]] [0 0 1 0 1] ), abelian= False
O_ 8  = ( [[0, 1, 2, 3, 4]] [[0], [1], [2, 3, 4]] [0 0 1 1 1] ), abelian= True
O_ 9  = ( [[0, 1, 2, 3, 4]] [[0], [1], [2, 4], [3]] [0 0 0 0 0] ), abelian= True
O_ 10  = ( [[0, 1, 2, 3, 4]] [[0], [1], [2, 4], [3]] [0 0 1 0 0] ), abelian= False
O_ 11  = ( [[0, 1, 2, 3, 4]] [[0], [1, 2], [3, 4]] [0 0 0 0 0] ), abelian= True
O_ 12  = ( [[0, 1, 2, 3, 4]] [[0], [1, 2], [3, 4]] [0 1 0 0 0] ), abelian= False
O_ 13  = ( [[0, 1, 2, 3, 4]] [[0], [1, 2], [3, 4]] [0 1 0 1 0] ), abelian= False
O_ 14  = ( [[0, 1, 2, 3, 4]] [[0], [1, 2, 3, 4]] [0 0 0 0 0] ), abelian= True
O_ 15  = ( [[0, 1, 2, 3, 4]] [[0], [1, 2, 3, 4]] [0 1 0 0 0] ), abelian= False
O_ 16  = ( [[0, 1, 2, 3, 4]] [[0], [1, 2, 3, 4]] [0 0 1 0 0] ), abelian= False
O_ 17  = ( [[0, 1, 2, 3, 4]] [[0], [1, 2, 3, 4]] [0 1 1 0 0] ), abelian= False
O_ 18  = ( [[0, 1, 2, 3, 4]] [[0], [1, 2, 3, 4]] [0 1 0 1 0] ), abelian= False
O_ 19  = ( [[0, 1, 2, 3, 4]] [[0], [1, 2, 3, 4]] [0 0 1 1 0] ), abelian= False
O_ 20  = ( [[0, 1, 2, 3, 4]] [[0], [1, 2, 3, 4]] [0 1 1 1 0] ), abelian= False
O_ 21  = ( [[0, 1, 2, 3, 4]] [[0], [1, 2, 3, 4]] [0 1 0 0 1] ), abelian= False
O_ 22  = ( [[0, 1, 2, 3, 4]] [[0], [1, 2, 3, 4]] [0 1 1 0 1] ), abelian= False
O_ 23  = ( [[0, 1, 2, 3, 4]] [[0], [1, 2, 3, 4]] [0 1 1 1 1] ), abelian= True
O_ 24  = ( [[0, 1, 2, 3, 4]] [[0], [1, 2, 4, 3]] [0 0 0 0 0] ), abelian= True
O_ 25  = ( [[0, 1, 2, 3, 4]] [[0], [1, 2, 4, 3]] [0 1 0 0 0] ), abelian= False
O_ 26  = ( [[0, 1, 2, 3, 4]] [[0], [1, 2, 4, 3]] [0 0 1 0 0] ), abelian= False
O_ 27  = ( [[0, 1, 2, 3, 4]] [[0], [1, 2, 4, 3]] [0 1 1 0 0] ), abelian= False
O_ 28  = ( [[0, 1, 2, 3, 4]] [[0], [1, 2, 4, 3]] [0 0 0 1 0] ), abelian= False
O_ 29  = ( [[0, 1, 2, 3, 4]] [[0], [1, 2, 4, 3]] [0 1 0 1 0] ), abelian= False
O_ 30  = ( [[0, 1, 2, 3, 4]] [[0], [1, 2, 4, 3]] [0 0 1 1 0] ), abelian= False
O_ 31  = ( [[0, 1, 2, 3, 4]] [[0], [1, 2, 4, 3]] [0 0 0 0 1] ), abelian= False
O_ 32  = ( [[0, 1, 2, 3, 4]] [[0], [1, 2, 4, 3]] [0 0 1 0 1] ), abelian= False
O_ 33  = ( [[0, 1, 2, 3, 4]] [[0], [1, 2, 4, 3]] [0 0 0 1 1] ), abelian= False
O_ 34  = ( [[0, 1, 2, 3, 4]] [[0], [1, 2, 4], [3]] [0 0 0 0 0] ), abelian= True
O_ 35  = ( [[0, 1, 2, 3, 4]] [[0], [1, 2, 4], [3]] [0 1 0 0 0] ), abelian= False
O_ 36  = ( [[0, 1, 2, 3, 4]] [[0], [1, 2, 4], [3]] [0 1 1 0 0] ), abelian= False
O_ 37  = ( [[0, 1, 2, 3, 4]] [[0], [1, 2, 4], [3]] [0 0 0 0 1] ), abelian= False
O_ 38  = ( [[0, 1, 2, 3, 4]] [[0], [1, 2, 4], [3]] [0 1 0 0 1] ), abelian= False
O_ 39  = ( [[0, 1, 2, 3, 4]] [[0], [1, 2, 4], [3]] [0 1 1 0 1] ), abelian= True
O_ 40  = ( [[0, 1, 2, 3, 4]] [[0], [1, 3], [2, 4]] [0 0 0 0 0] ), abelian= True
O_ 41  = ( [[0, 1, 2, 3, 4]] [[0], [1, 3], [2, 4]] [0 1 0 0 0] ), abelian= False
O_ 42  = ( [[0, 1, 2, 3, 4]] [[0], [1, 3], [2, 4]] [0 1 1 0 0] ), abelian= False
O_ 43  = ( [[0, 1, 2, 3, 4]] [[0], [1, 3, 2, 4]] [0 0 0 0 0] ), abelian= True
O_ 44  = ( [[0, 1, 2, 3, 4]] [[0], [1, 3, 2, 4]] [0 1 0 0 0] ), abelian= False
O_ 45  = ( [[0, 1, 2, 3, 4]] [[0], [1, 3, 2, 4]] [0 0 1 0 0] ), abelian= False
O_ 46  = ( [[0, 1, 2, 3, 4]] [[0], [1, 3, 2, 4]] [0 1 1 0 0] ), abelian= False
O_ 47  = ( [[0, 1, 2, 3, 4]] [[0], [1, 3, 2, 4]] [0 1 0 1 0] ), abelian= False
O_ 48  = ( [[0, 1, 2, 3, 4]] [[0], [1, 3, 2, 4]] [0 0 1 1 0] ), abelian= False
O_ 49  = ( [[0, 1, 2, 3, 4]] [[0], [1, 3, 2, 4]] [0 1 1 1 0] ), abelian= False
O_ 50  = ( [[0, 1, 2, 3, 4]] [[0], [1, 3, 2, 4]] [0 1 0 0 1] ), abelian= False
O_ 51  = ( [[0, 1, 2, 3, 4]] [[0], [1, 3, 2, 4]] [0 1 1 0 1] ), abelian= False
O_ 52  = ( [[0, 1, 2, 3, 4]] [[0], [1, 3, 2, 4]] [0 1 1 1 1] ), abelian= True
O_ 53  = ( [[0, 1, 2, 3, 4]] [[0], [1, 4], [2, 3]] [0 0 0 0 0] ), abelian= True
O_ 54  = ( [[0, 1, 2, 3, 4]] [[0], [1, 4], [2, 3]] [0 1 0 0 0] ), abelian= False
O_ 55  = ( [[0, 1, 2, 3, 4]] [[0], [1, 4], [2, 3]] [0 0 1 0 0] ), abelian= False
O_ 56  = ( [[0, 1, 2, 3, 4]] [[0], [1, 4], [2, 3]] [0 1 1 0 0] ), abelian= False
O_ 57  = ( [[0, 1, 2, 3, 4]] [[0, 1], [2, 3, 4]] [0 0 0 0 0] ), abelian= True
O_ 58  = ( [[0, 1, 2, 3, 4]] [[0, 1], [2, 3, 4]] [1 0 0 0 0] ), abelian= False
O_ 59  = ( [[0, 1, 2, 3, 4]] [[0, 1], [2, 3, 4]] [0 0 1 0 0] ), abelian= False
O_ 60  = ( [[0, 1, 2, 3, 4]] [[0, 1], [2, 3, 4]] [1 0 1 0 0] ), abelian= False
O_ 61  = ( [[0, 1, 2, 3, 4]] [[0, 1], [2, 3, 4]] [0 0 0 1 0] ), abelian= False
O_ 62  = ( [[0, 1, 2, 3, 4]] [[0, 1], [2, 3, 4]] [1 0 0 1 0] ), abelian= False
O_ 63  = ( [[0, 1, 2, 3, 4]] [[0, 1], [2, 3, 4]] [0 0 1 1 0] ), abelian= False
O_ 64  = ( [[0, 1, 2, 3, 4]] [[0, 1], [2, 3, 4]] [1 0 1 1 0] ), abelian= False
O_ 65  = ( [[0, 1, 2, 3, 4]] [[0, 1], [2, 3, 4]] [0 0 1 0 1] ), abelian= False
O_ 66  = ( [[0, 1, 2, 3, 4]] [[0, 1], [2, 3, 4]] [1 0 1 0 1] ), abelian= False
O_ 67  = ( [[0, 1, 2, 3, 4]] [[0, 1], [2, 3, 4]] [0 0 1 1 1] ), abelian= True
O_ 68  = ( [[0, 1, 2, 3, 4]] [[0, 1], [2, 3, 4]] [1 0 1 1 1] ), abelian= False
O_ 69  = ( [[0, 1, 2, 3, 4]] [[0, 1, 2, 3, 4]] [0 0 0 0 0] ), abelian= True
O_ 70  = ( [[0, 1, 2, 3, 4]] [[0, 1, 2, 3, 4]] [1 0 0 0 0] ), abelian= False
O_ 71  = ( [[0, 1, 2, 3, 4]] [[0, 1, 2, 3, 4]] [1 1 0 0 0] ), abelian= False
O_ 72  = ( [[0, 1, 2, 3, 4]] [[0, 1, 2, 3, 4]] [1 0 1 0 0] ), abelian= False
O_ 73  = ( [[0, 1, 2, 3, 4]] [[0, 1, 2, 3, 4]] [1 1 1 0 0] ), abelian= False
O_ 74  = ( [[0, 1, 2, 3, 4]] [[0, 1, 2, 3, 4]] [1 1 0 1 0] ), abelian= False
O_ 75  = ( [[0, 1, 2, 3, 4]] [[0, 1, 2, 3, 4]] [1 1 1 1 0] ), abelian= False
O_ 76  = ( [[0, 1, 2, 3, 4]] [[0, 1, 2, 3, 4]] [1 1 1 1 1] ), abelian= True
O_ 77  = ( [[0, 1, 2, 3, 4]] [[0, 1, 2, 4, 3]] [0 0 0 0 0] ), abelian= True
O_ 78  = ( [[0, 1, 2, 3, 4]] [[0, 1, 2, 4, 3]] [1 0 0 0 0] ), abelian= False
O_ 79  = ( [[0, 1, 2, 3, 4]] [[0, 1, 2, 4, 3]] [0 1 0 0 0] ), abelian= False
O_ 80  = ( [[0, 1, 2, 3, 4]] [[0, 1, 2, 4, 3]] [1 1 0 0 0] ), abelian= False
O_ 81  = ( [[0, 1, 2, 3, 4]] [[0, 1, 2, 4, 3]] [1 0 1 0 0] ), abelian= False
O_ 82  = ( [[0, 1, 2, 3, 4]] [[0, 1, 2, 4, 3]] [1 1 1 0 0] ), abelian= False
O_ 83  = ( [[0, 1, 2, 3, 4]] [[0, 1, 2, 4, 3]] [0 0 0 1 0] ), abelian= False
O_ 84  = ( [[0, 1, 2, 3, 4]] [[0, 1, 2, 4, 3]] [1 0 0 1 0] ), abelian= False
O_ 85  = ( [[0, 1, 2, 3, 4]] [[0, 1, 2, 4, 3]] [0 1 0 1 0] ), abelian= False
O_ 86  = ( [[0, 1, 2, 3, 4]] [[0, 1, 2, 4, 3]] [1 1 0 1 0] ), abelian= False
O_ 87  = ( [[0, 1, 2, 3, 4]] [[0, 1, 2, 4, 3]] [0 0 1 1 0] ), abelian= False
O_ 88  = ( [[0, 1, 2, 3, 4]] [[0, 1, 2, 4, 3]] [1 0 1 1 0] ), abelian= False
O_ 89  = ( [[0, 1, 2, 3, 4]] [[0, 1, 2, 4, 3]] [0 1 1 1 0] ), abelian= False
O_ 90  = ( [[0, 1, 2, 3, 4]] [[0, 1, 2, 4, 3]] [1 1 1 1 0] ), abelian= False
O_ 91  = ( [[0, 1, 2, 3, 4]] [[0, 1, 2, 4, 3]] [0 0 0 1 1] ), abelian= False
O_ 92  = ( [[0, 1, 2, 3, 4]] [[0, 1, 2, 4, 3]] [1 0 0 1 1] ), abelian= False
O_ 93  = ( [[0, 1, 2, 3, 4]] [[0, 1, 2, 4, 3]] [0 1 0 1 1] ), abelian= False
O_ 94  = ( [[0, 1, 2, 3, 4]] [[0, 1, 2, 4, 3]] [1 1 0 1 1] ), abelian= False
O_ 95  = ( [[0, 1, 2, 3, 4]] [[0, 1, 2, 4, 3]] [1 0 1 1 1] ), abelian= False
O_ 96  = ( [[0, 1, 2, 3, 4]] [[0, 1, 2, 4, 3]] [1 1 1 1 1] ), abelian= True
O_ 97  = ( [[0, 1, 2, 3, 4]] [[0, 1, 3, 4, 2]] [0 0 0 0 0] ), abelian= True
O_ 98  = ( [[0, 1, 2, 3, 4]] [[0, 1, 3, 4, 2]] [1 0 0 0 0] ), abelian= False
O_ 99  = ( [[0, 1, 2, 3, 4]] [[0, 1, 3, 4, 2]] [0 1 0 0 0] ), abelian= False
O_ 100  = ( [[0, 1, 2, 3, 4]] [[0, 1, 3, 4, 2]] [1 1 0 0 0] ), abelian= False
O_ 101  = ( [[0, 1, 2, 3, 4]] [[0, 1, 3, 4, 2]] [0 0 1 0 0] ), abelian= False
O_ 102  = ( [[0, 1, 2, 3, 4]] [[0, 1, 3, 4, 2]] [1 0 1 0 0] ), abelian= False
O_ 103  = ( [[0, 1, 2, 3, 4]] [[0, 1, 3, 4, 2]] [0 1 1 0 0] ), abelian= False
O_ 104  = ( [[0, 1, 2, 3, 4]] [[0, 1, 3, 4, 2]] [1 1 1 0 0] ), abelian= False
O_ 105  = ( [[0, 1, 2, 3, 4]] [[0, 1, 3, 4, 2]] [1 0 0 1 0] ), abelian= False
O_ 106  = ( [[0, 1, 2, 3, 4]] [[0, 1, 3, 4, 2]] [0 1 0 1 0] ), abelian= False
O_ 107  = ( [[0, 1, 2, 3, 4]] [[0, 1, 3, 4, 2]] [1 1 0 1 0] ), abelian= False
O_ 108  = ( [[0, 1, 2, 3, 4]] [[0, 1, 3, 4, 2]] [1 0 1 1 0] ), abelian= False
O_ 109  = ( [[0, 1, 2, 3, 4]] [[0, 1, 3, 4, 2]] [0 1 1 1 0] ), abelian= False
O_ 110  = ( [[0, 1, 2, 3, 4]] [[0, 1, 3, 4, 2]] [1 1 1 1 0] ), abelian= False
O_ 111  = ( [[0, 1, 2, 3, 4]] [[0, 1, 3, 4, 2]] [1 0 0 0 1] ), abelian= False
O_ 112  = ( [[0, 1, 2, 3, 4]] [[0, 1, 3, 4, 2]] [1 1 0 0 1] ), abelian= False
O_ 113  = ( [[0, 1, 2, 3, 4]] [[0, 1, 3, 4, 2]] [1 0 1 0 1] ), abelian= False
O_ 114  = ( [[0, 1, 2, 3, 4]] [[0, 1, 3, 4, 2]] [1 1 1 0 1] ), abelian= False
O_ 115  = ( [[0, 1, 2, 3, 4]] [[0, 1, 3, 4, 2]] [1 1 0 1 1] ), abelian= False
O_ 116  = ( [[0, 1, 2, 3, 4]] [[0, 1, 3, 4, 2]] [1 1 1 1 1] ), abelian= True
O_ 117  = ( [[0, 1, 2, 3, 4]] [[0, 1, 3], [2, 4]] [0 0 0 0 0] ), abelian= True
O_ 118  = ( [[0, 1, 2, 3, 4]] [[0, 1, 3], [2, 4]] [1 0 0 0 0] ), abelian= False
O_ 119  = ( [[0, 1, 2, 3, 4]] [[0, 1, 3], [2, 4]] [1 1 0 0 0] ), abelian= False
O_ 120  = ( [[0, 1, 2, 3, 4]] [[0, 1, 3], [2, 4]] [0 0 1 0 0] ), abelian= False
O_ 121  = ( [[0, 1, 2, 3, 4]] [[0, 1, 3], [2, 4]] [1 0 1 0 0] ), abelian= False
O_ 122  = ( [[0, 1, 2, 3, 4]] [[0, 1, 3], [2, 4]] [1 1 1 0 0] ), abelian= False
O_ 123  = ( [[0, 1, 2, 3, 4]] [[0, 1, 3], [2, 4]] [0 0 0 1 0] ), abelian= False
O_ 124  = ( [[0, 1, 2, 3, 4]] [[0, 1, 3], [2, 4]] [1 0 0 1 0] ), abelian= False
O_ 125  = ( [[0, 1, 2, 3, 4]] [[0, 1, 3], [2, 4]] [1 1 0 1 0] ), abelian= True
O_ 126  = ( [[0, 1, 2, 3, 4]] [[0, 1, 3], [2, 4]] [0 0 1 1 0] ), abelian= False
O_ 127  = ( [[0, 1, 2, 3, 4]] [[0, 1, 3], [2, 4]] [1 0 1 1 0] ), abelian= False
O_ 128  = ( [[0, 1, 2, 3, 4]] [[0, 1, 3], [2, 4]] [1 1 1 1 0] ), abelian= False
O_ 129  = ( [[0, 1, 2, 3, 4]] [[0, 2, 4, 1, 3]] [0 0 0 0 0] ), abelian= True
O_ 130  = ( [[0, 1, 2, 3, 4]] [[0, 2, 4, 1, 3]] [1 0 0 0 0] ), abelian= False
O_ 131  = ( [[0, 1, 2, 3, 4]] [[0, 2, 4, 1, 3]] [1 1 0 0 0] ), abelian= False
O_ 132  = ( [[0, 1, 2, 3, 4]] [[0, 2, 4, 1, 3]] [1 0 1 0 0] ), abelian= False
O_ 133  = ( [[0, 1, 2, 3, 4]] [[0, 2, 4, 1, 3]] [1 1 1 0 0] ), abelian= False
O_ 134  = ( [[0, 1, 2, 3, 4]] [[0, 2, 4, 1, 3]] [1 1 0 1 0] ), abelian= False
O_ 135  = ( [[0, 1, 2, 3, 4]] [[0, 2, 4, 1, 3]] [1 1 1 1 0] ), abelian= False
O_ 136  = ( [[0, 1, 2, 3, 4]] [[0, 2, 4, 1, 3]] [1 1 1 1 1] ), abelian= True
O_ 137  = ( [[0], [1, 2, 3, 4]] [[0], [1], [2], [3], [4]] [0 0 0 0 0] ), abelian= True
O_ 138  = ( [[0], [1, 2, 3, 4]] [[0], [1], [2], [3, 4]] [0 0 0 0 0] ), abelian= True
O_ 139  = ( [[0], [1, 2, 3, 4]] [[0], [1], [2], [3, 4]] [0 0 0 1 0] ), abelian= False
O_ 140  = ( [[0], [1, 2, 3, 4]] [[0], [1], [2, 3, 4]] [0 0 0 0 0] ), abelian= True
O_ 141  = ( [[0], [1, 2, 3, 4]] [[0], [1], [2, 3, 4]] [0 0 1 0 0] ), abelian= False
O_ 142  = ( [[0], [1, 2, 3, 4]] [[0], [1], [2, 3, 4]] [0 0 0 1 0] ), abelian= False
O_ 143  = ( [[0], [1, 2, 3, 4]] [[0], [1], [2, 3, 4]] [0 0 1 1 0] ), abelian= False
O_ 144  = ( [[0], [1, 2, 3, 4]] [[0], [1], [2, 3, 4]] [0 0 1 0 1] ), abelian= False
O_ 145  = ( [[0], [1, 2, 3, 4]] [[0], [1], [2, 3, 4]] [0 0 1 1 1] ), abelian= True
O_ 146  = ( [[0], [1, 2, 3, 4]] [[0], [1], [2, 4], [3]] [0 0 0 0 0] ), abelian= True
O_ 147  = ( [[0], [1, 2, 3, 4]] [[0], [1], [2, 4], [3]] [0 0 1 0 0] ), abelian= False
O_ 148  = ( [[0], [1, 2, 3, 4]] [[0], [1, 2], [3, 4]] [0 0 0 0 0] ), abelian= True
O_ 149  = ( [[0], [1, 2, 3, 4]] [[0], [1, 2], [3, 4]] [0 1 0 0 0] ), abelian= False
O_ 150  = ( [[0], [1, 2, 3, 4]] [[0], [1, 2], [3, 4]] [0 1 0 1 0] ), abelian= False
O_ 151  = ( [[0], [1, 2, 3, 4]] [[0], [1, 2, 3, 4]] [0 0 0 0 0] ), abelian= True
O_ 152  = ( [[0], [1, 2, 3, 4]] [[0], [1, 2, 3, 4]] [0 1 0 0 0] ), abelian= False
O_ 153  = ( [[0], [1, 2, 3, 4]] [[0], [1, 2, 3, 4]] [0 1 1 0 0] ), abelian= False
O_ 154  = ( [[0], [1, 2, 3, 4]] [[0], [1, 2, 3, 4]] [0 1 0 1 0] ), abelian= False
O_ 155  = ( [[0], [1, 2, 3, 4]] [[0], [1, 2, 3, 4]] [0 1 1 1 0] ), abelian= False
O_ 156  = ( [[0], [1, 2, 3, 4]] [[0], [1, 2, 3, 4]] [0 1 1 1 1] ), abelian= True
O_ 157  = ( [[0], [1, 2, 3, 4]] [[0], [1, 2, 4, 3]] [0 0 0 0 0] ), abelian= True
O_ 158  = ( [[0], [1, 2, 3, 4]] [[0], [1, 2, 4, 3]] [0 1 0 0 0] ), abelian= False
O_ 159  = ( [[0], [1, 2, 3, 4]] [[0], [1, 2, 4, 3]] [0 1 1 0 0] ), abelian= False
O_ 160  = ( [[0], [1, 2, 3, 4]] [[0], [1, 2, 4, 3]] [0 0 0 1 0] ), abelian= False
O_ 161  = ( [[0], [1, 2, 3, 4]] [[0], [1, 2, 4, 3]] [0 1 0 1 0] ), abelian= False
O_ 162  = ( [[0], [1, 2, 3, 4]] [[0], [1, 2, 4, 3]] [0 0 1 1 0] ), abelian= False
O_ 163  = ( [[0], [1, 2, 3, 4]] [[0], [1, 2, 4, 3]] [0 0 0 1 1] ), abelian= False
O_ 164  = ( [[0], [1, 2, 3, 4]] [[0], [1, 3], [2, 4]] [0 0 0 0 0] ), abelian= True
O_ 165  = ( [[0], [1, 2, 3, 4]] [[0], [1, 3], [2, 4]] [0 1 0 0 0] ), abelian= False
O_ 166  = ( [[0], [1, 2, 3, 4]] [[0], [1, 3], [2, 4]] [0 1 1 0 0] ), abelian= False
O_ 167  = ( [[0], [1, 2, 3, 4]] [[0, 1], [2], [3], [4]] [0 0 0 0 0] ), abelian= True
O_ 168  = ( [[0], [1, 2, 3, 4]] [[0, 1], [2], [3, 4]] [0 0 0 0 0] ), abelian= True
O_ 169  = ( [[0], [1, 2, 3, 4]] [[0, 1], [2], [3, 4]] [0 0 0 1 0] ), abelian= False
O_ 170  = ( [[0], [1, 2, 3, 4]] [[0, 1], [2, 3, 4]] [0 0 0 0 0] ), abelian= True
O_ 171  = ( [[0], [1, 2, 3, 4]] [[0, 1], [2, 3, 4]] [0 0 1 0 0] ), abelian= False
O_ 172  = ( [[0], [1, 2, 3, 4]] [[0, 1], [2, 3, 4]] [0 0 0 1 0] ), abelian= False
O_ 173  = ( [[0], [1, 2, 3, 4]] [[0, 1], [2, 3, 4]] [0 0 1 1 0] ), abelian= False
O_ 174  = ( [[0], [1, 2, 3, 4]] [[0, 1], [2, 3, 4]] [0 0 1 0 1] ), abelian= False
O_ 175  = ( [[0], [1, 2, 3, 4]] [[0, 1], [2, 3, 4]] [0 0 1 1 1] ), abelian= True
O_ 176  = ( [[0], [1, 2, 3, 4]] [[0, 1], [2, 4], [3]] [0 0 0 0 0] ), abelian= True
O_ 177  = ( [[0], [1, 2, 3, 4]] [[0, 1], [2, 4], [3]] [0 0 1 0 0] ), abelian= False
O_ 178  = ( [[0], [1, 2, 3, 4]] [[0, 1, 2], [3], [4]] [0 0 0 0 0] ), abelian= True
O_ 179  = ( [[0], [1, 2, 3, 4]] [[0, 1, 2], [3], [4]] [0 1 0 0 0] ), abelian= False
O_ 180  = ( [[0], [1, 2, 3, 4]] [[0, 1, 2], [3], [4]] [0 1 1 0 0] ), abelian= True
O_ 181  = ( [[0], [1, 2, 3, 4]] [[0, 1, 2], [3, 4]] [0 0 0 0 0] ), abelian= True
O_ 182  = ( [[0], [1, 2, 3, 4]] [[0, 1, 2], [3, 4]] [0 1 0 0 0] ), abelian= False
O_ 183  = ( [[0], [1, 2, 3, 4]] [[0, 1, 2], [3, 4]] [0 1 1 0 0] ), abelian= True
O_ 184  = ( [[0], [1, 2, 3, 4]] [[0, 1, 2], [3, 4]] [0 0 0 1 0] ), abelian= False
O_ 185  = ( [[0], [1, 2, 3, 4]] [[0, 1, 2], [3, 4]] [0 1 0 1 0] ), abelian= False
O_ 186  = ( [[0], [1, 2, 3, 4]] [[0, 1, 2], [3, 4]] [0 1 1 1 0] ), abelian= False
O_ 187  = ( [[0], [1, 2, 3, 4]] [[0, 1, 2, 3], [4]] [0 0 0 0 0] ), abelian= True
O_ 188  = ( [[0], [1, 2, 3, 4]] [[0, 1, 2, 3], [4]] [0 1 0 0 0] ), abelian= False
O_ 189  = ( [[0], [1, 2, 3, 4]] [[0, 1, 2, 3], [4]] [0 0 1 0 0] ), abelian= False
O_ 190  = ( [[0], [1, 2, 3, 4]] [[0, 1, 2, 3], [4]] [0 1 1 0 0] ), abelian= False
O_ 191  = ( [[0], [1, 2, 3, 4]] [[0, 1, 2, 3], [4]] [0 1 0 1 0] ), abelian= False
O_ 192  = ( [[0], [1, 2, 3, 4]] [[0, 1, 2, 3], [4]] [0 1 1 1 0] ), abelian= True
O_ 193  = ( [[0], [1, 2, 3, 4]] [[0, 1, 2, 3, 4]] [0 0 0 0 0] ), abelian= True
O_ 194  = ( [[0], [1, 2, 3, 4]] [[0, 1, 2, 3, 4]] [0 1 0 0 0] ), abelian= False
O_ 195  = ( [[0], [1, 2, 3, 4]] [[0, 1, 2, 3, 4]] [0 0 1 0 0] ), abelian= False
O_ 196  = ( [[0], [1, 2, 3, 4]] [[0, 1, 2, 3, 4]] [0 1 1 0 0] ), abelian= False
O_ 197  = ( [[0], [1, 2, 3, 4]] [[0, 1, 2, 3, 4]] [0 1 0 1 0] ), abelian= False
O_ 198  = ( [[0], [1, 2, 3, 4]] [[0, 1, 2, 3, 4]] [0 0 1 1 0] ), abelian= False
O_ 199  = ( [[0], [1, 2, 3, 4]] [[0, 1, 2, 3, 4]] [0 1 1 1 0] ), abelian= False
O_ 200  = ( [[0], [1, 2, 3, 4]] [[0, 1, 2, 3, 4]] [0 1 0 0 1] ), abelian= False
O_ 201  = ( [[0], [1, 2, 3, 4]] [[0, 1, 2, 3, 4]] [0 1 1 0 1] ), abelian= False
O_ 202  = ( [[0], [1, 2, 3, 4]] [[0, 1, 2, 3, 4]] [0 1 1 1 1] ), abelian= True
O_ 203  = ( [[0], [1, 2, 3, 4]] [[0, 1, 2, 4, 3]] [0 0 0 0 0] ), abelian= True
O_ 204  = ( [[0], [1, 2, 3, 4]] [[0, 1, 2, 4, 3]] [0 1 0 0 0] ), abelian= False
O_ 205  = ( [[0], [1, 2, 3, 4]] [[0, 1, 2, 4, 3]] [0 0 1 0 0] ), abelian= False
O_ 206  = ( [[0], [1, 2, 3, 4]] [[0, 1, 2, 4, 3]] [0 1 1 0 0] ), abelian= False
O_ 207  = ( [[0], [1, 2, 3, 4]] [[0, 1, 2, 4, 3]] [0 0 0 1 0] ), abelian= False
O_ 208  = ( [[0], [1, 2, 3, 4]] [[0, 1, 2, 4, 3]] [0 1 0 1 0] ), abelian= False
O_ 209  = ( [[0], [1, 2, 3, 4]] [[0, 1, 2, 4, 3]] [0 0 1 1 0] ), abelian= False
O_ 210  = ( [[0], [1, 2, 3, 4]] [[0, 1, 2, 4, 3]] [0 0 0 0 1] ), abelian= False
O_ 211  = ( [[0], [1, 2, 3, 4]] [[0, 1, 2, 4, 3]] [0 1 0 0 1] ), abelian= False
O_ 212  = ( [[0], [1, 2, 3, 4]] [[0, 1, 2, 4, 3]] [0 0 0 1 1] ), abelian= False
O_ 213  = ( [[0], [1, 2, 3, 4]] [[0, 1, 2, 4], [3]] [0 0 0 0 0] ), abelian= True
O_ 214  = ( [[0], [1, 2, 3, 4]] [[0, 1, 2, 4], [3]] [0 1 0 0 0] ), abelian= False
O_ 215  = ( [[0], [1, 2, 3, 4]] [[0, 1, 2, 4], [3]] [0 0 1 0 0] ), abelian= False
O_ 216  = ( [[0], [1, 2, 3, 4]] [[0, 1, 2, 4], [3]] [0 1 1 0 0] ), abelian= False
O_ 217  = ( [[0], [1, 2, 3, 4]] [[0, 1, 2, 4], [3]] [0 0 0 0 1] ), abelian= False
O_ 218  = ( [[0], [1, 2, 3, 4]] [[0, 1, 2, 4], [3]] [0 1 0 0 1] ), abelian= False
O_ 219  = ( [[0], [1, 2, 3, 4]] [[0, 1, 2, 4], [3]] [0 0 1 0 1] ), abelian= False
O_ 220  = ( [[0], [1, 2, 3, 4]] [[0, 1, 2, 4], [3]] [0 1 1 0 1] ), abelian= True
O_ 221  = ( [[0], [1, 2, 3, 4]] [[0, 1, 3, 4, 2]] [0 0 0 0 0] ), abelian= True
O_ 222  = ( [[0], [1, 2, 3, 4]] [[0, 1, 3, 4, 2]] [0 1 0 0 0] ), abelian= False
O_ 223  = ( [[0], [1, 2, 3, 4]] [[0, 1, 3, 4, 2]] [0 1 1 0 0] ), abelian= False
O_ 224  = ( [[0], [1, 2, 3, 4]] [[0, 1, 3, 4, 2]] [0 0 0 1 0] ), abelian= False
O_ 225  = ( [[0], [1, 2, 3, 4]] [[0, 1, 3, 4, 2]] [0 1 0 1 0] ), abelian= False
O_ 226  = ( [[0], [1, 2, 3, 4]] [[0, 1, 3, 4, 2]] [0 0 1 1 0] ), abelian= False
O_ 227  = ( [[0], [1, 2, 3, 4]] [[0, 1, 3, 4, 2]] [0 1 1 1 0] ), abelian= False
O_ 228  = ( [[0], [1, 2, 3, 4]] [[0, 1, 3, 4, 2]] [0 0 0 1 1] ), abelian= False
O_ 229  = ( [[0], [1, 2, 3, 4]] [[0, 1, 3, 4, 2]] [0 1 0 1 1] ), abelian= False
O_ 230  = ( [[0], [1, 2, 3, 4]] [[0, 1, 3, 4, 2]] [0 1 1 1 1] ), abelian= True
O_ 231  = ( [[0], [1, 2, 3, 4]] [[0, 1, 3], [2], [4]] [0 0 0 0 0] ), abelian= True
O_ 232  = ( [[0], [1, 2, 3, 4]] [[0, 1, 3], [2], [4]] [0 1 0 0 0] ), abelian= False
O_ 233  = ( [[0], [1, 2, 3, 4]] [[0, 1, 3], [2, 4]] [0 0 0 0 0] ), abelian= True
O_ 234  = ( [[0], [1, 2, 3, 4]] [[0, 1, 3], [2, 4]] [0 1 0 0 0] ), abelian= False
O_ 235  = ( [[0], [1, 2, 3, 4]] [[0, 1, 3], [2, 4]] [0 0 1 0 0] ), abelian= False
O_ 236  = ( [[0], [1, 2, 3, 4]] [[0, 1, 3], [2, 4]] [0 1 1 0 0] ), abelian= False
O_ 237  = ( [[0, 1], [2, 3, 4]] [[0], [1], [2], [3], [4]] [0 0 0 0 0] ), abelian= True
O_ 238  = ( [[0, 1], [2, 3, 4]] [[0], [1], [2], [3, 4]] [0 0 0 0 0] ), abelian= True
O_ 239  = ( [[0, 1], [2, 3, 4]] [[0], [1], [2], [3, 4]] [0 0 0 1 0] ), abelian= False
O_ 240  = ( [[0, 1], [2, 3, 4]] [[0], [1], [2, 3, 4]] [0 0 0 0 0] ), abelian= True
O_ 241  = ( [[0, 1], [2, 3, 4]] [[0], [1], [2, 3, 4]] [0 0 1 0 0] ), abelian= False
O_ 242  = ( [[0, 1], [2, 3, 4]] [[0], [1], [2, 3, 4]] [0 0 1 1 0] ), abelian= False
O_ 243  = ( [[0, 1], [2, 3, 4]] [[0], [1], [2, 3, 4]] [0 0 1 1 1] ), abelian= True
O_ 244  = ( [[0, 1], [2, 3, 4]] [[0], [1, 2], [3], [4]] [0 0 0 0 0] ), abelian= True
O_ 245  = ( [[0, 1], [2, 3, 4]] [[0], [1, 2], [3, 4]] [0 0 0 0 0] ), abelian= True
O_ 246  = ( [[0, 1], [2, 3, 4]] [[0], [1, 2], [3, 4]] [0 0 0 1 0] ), abelian= False
O_ 247  = ( [[0, 1], [2, 3, 4]] [[0], [1, 2, 3], [4]] [0 0 0 0 0] ), abelian= True
O_ 248  = ( [[0, 1], [2, 3, 4]] [[0], [1, 2, 3], [4]] [0 0 1 0 0] ), abelian= False
O_ 249  = ( [[0, 1], [2, 3, 4]] [[0], [1, 2, 3], [4]] [0 0 1 1 0] ), abelian= True
O_ 250  = ( [[0, 1], [2, 3, 4]] [[0], [1, 2, 3, 4]] [0 0 0 0 0] ), abelian= True
O_ 251  = ( [[0, 1], [2, 3, 4]] [[0], [1, 2, 3, 4]] [0 0 1 0 0] ), abelian= False
O_ 252  = ( [[0, 1], [2, 3, 4]] [[0], [1, 2, 3, 4]] [0 0 0 1 0] ), abelian= False
O_ 253  = ( [[0, 1], [2, 3, 4]] [[0], [1, 2, 3, 4]] [0 0 1 1 0] ), abelian= False
O_ 254  = ( [[0, 1], [2, 3, 4]] [[0], [1, 2, 3, 4]] [0 0 1 0 1] ), abelian= False
O_ 255  = ( [[0, 1], [2, 3, 4]] [[0], [1, 2, 3, 4]] [0 0 1 1 1] ), abelian= True
O_ 256  = ( [[0, 1], [2, 3, 4]] [[0, 1], [2], [3], [4]] [0 0 0 0 0] ), abelian= True
O_ 257  = ( [[0, 1], [2, 3, 4]] [[0, 1], [2], [3], [4]] [1 0 0 0 0] ), abelian= False
O_ 258  = ( [[0, 1], [2, 3, 4]] [[0, 1], [2], [3, 4]] [0 0 0 0 0] ), abelian= True
O_ 259  = ( [[0, 1], [2, 3, 4]] [[0, 1], [2], [3, 4]] [1 0 0 0 0] ), abelian= False
O_ 260  = ( [[0, 1], [2, 3, 4]] [[0, 1], [2], [3, 4]] [0 0 0 1 0] ), abelian= False
O_ 261  = ( [[0, 1], [2, 3, 4]] [[0, 1], [2], [3, 4]] [1 0 0 1 0] ), abelian= False
O_ 262  = ( [[0, 1], [2, 3, 4]] [[0, 1], [2, 3, 4]] [0 0 0 0 0] ), abelian= True
O_ 263  = ( [[0, 1], [2, 3, 4]] [[0, 1], [2, 3, 4]] [1 0 0 0 0] ), abelian= False
O_ 264  = ( [[0, 1], [2, 3, 4]] [[0, 1], [2, 3, 4]] [0 0 1 0 0] ), abelian= False
O_ 265  = ( [[0, 1], [2, 3, 4]] [[0, 1], [2, 3, 4]] [1 0 1 0 0] ), abelian= False
O_ 266  = ( [[0, 1], [2, 3, 4]] [[0, 1], [2, 3, 4]] [0 0 1 1 0] ), abelian= False
O_ 267  = ( [[0, 1], [2, 3, 4]] [[0, 1], [2, 3, 4]] [1 0 1 1 0] ), abelian= False
O_ 268  = ( [[0, 1], [2, 3, 4]] [[0, 1], [2, 3, 4]] [0 0 1 1 1] ), abelian= True
O_ 269  = ( [[0, 1], [2, 3, 4]] [[0, 1], [2, 3, 4]] [1 0 1 1 1] ), abelian= False
O_ 270  = ( [[0, 1], [2, 3, 4]] [[0, 1, 2], [3], [4]] [0 0 0 0 0] ), abelian= True
O_ 271  = ( [[0, 1], [2, 3, 4]] [[0, 1, 2], [3], [4]] [1 0 0 0 0] ), abelian= False
O_ 272  = ( [[0, 1], [2, 3, 4]] [[0, 1, 2], [3, 4]] [0 0 0 0 0] ), abelian= True
O_ 273  = ( [[0, 1], [2, 3, 4]] [[0, 1, 2], [3, 4]] [1 0 0 0 0] ), abelian= False
O_ 274  = ( [[0, 1], [2, 3, 4]] [[0, 1, 2], [3, 4]] [0 0 0 1 0] ), abelian= False
O_ 275  = ( [[0, 1], [2, 3, 4]] [[0, 1, 2], [3, 4]] [1 0 0 1 0] ), abelian= False
O_ 276  = ( [[0, 1], [2, 3, 4]] [[0, 1, 2, 3], [4]] [0 0 0 0 0] ), abelian= True
O_ 277  = ( [[0, 1], [2, 3, 4]] [[0, 1, 2, 3], [4]] [1 0 0 0 0] ), abelian= False
O_ 278  = ( [[0, 1], [2, 3, 4]] [[0, 1, 2, 3], [4]] [0 0 1 0 0] ), abelian= False
O_ 279  = ( [[0, 1], [2, 3, 4]] [[0, 1, 2, 3], [4]] [1 0 1 0 0] ), abelian= False
O_ 280  = ( [[0, 1], [2, 3, 4]] [[0, 1, 2, 3], [4]] [0 0 1 1 0] ), abelian= True
O_ 281  = ( [[0, 1], [2, 3, 4]] [[0, 1, 2, 3], [4]] [1 0 1 1 0] ), abelian= False
O_ 282  = ( [[0, 1], [2, 3, 4]] [[0, 1, 2, 3, 4]] [0 0 0 0 0] ), abelian= True
O_ 283  = ( [[0, 1], [2, 3, 4]] [[0, 1, 2, 3, 4]] [1 0 0 0 0] ), abelian= False
O_ 284  = ( [[0, 1], [2, 3, 4]] [[0, 1, 2, 3, 4]] [0 0 1 0 0] ), abelian= False
O_ 285  = ( [[0, 1], [2, 3, 4]] [[0, 1, 2, 3, 4]] [1 0 1 0 0] ), abelian= False
O_ 286  = ( [[0, 1], [2, 3, 4]] [[0, 1, 2, 3, 4]] [0 0 0 1 0] ), abelian= False
O_ 287  = ( [[0, 1], [2, 3, 4]] [[0, 1, 2, 3, 4]] [1 0 0 1 0] ), abelian= False
O_ 288  = ( [[0, 1], [2, 3, 4]] [[0, 1, 2, 3, 4]] [0 0 1 1 0] ), abelian= False
O_ 289  = ( [[0, 1], [2, 3, 4]] [[0, 1, 2, 3, 4]] [1 0 1 1 0] ), abelian= False
O_ 290  = ( [[0, 1], [2, 3, 4]] [[0, 1, 2, 3, 4]] [0 0 1 0 1] ), abelian= False
O_ 291  = ( [[0, 1], [2, 3, 4]] [[0, 1, 2, 3, 4]] [1 0 1 0 1] ), abelian= False
O_ 292  = ( [[0, 1], [2, 3, 4]] [[0, 1, 2, 3, 4]] [0 0 1 1 1] ), abelian= True
O_ 293  = ( [[0, 1], [2, 3, 4]] [[0, 1, 2, 3, 4]] [1 0 1 1 1] ), abelian= False
O_ 294  = ( [[0, 1], [2, 3, 4]] [[0, 2], [1, 3], [4]] [0 0 0 0 0] ), abelian= True
O_ 295  = ( [[0, 1], [2, 3, 4]] [[0, 2], [1, 3], [4]] [1 0 0 0 0] ), abelian= False
O_ 296  = ( [[0, 1], [2, 3, 4]] [[0, 2], [1, 3, 4]] [0 0 0 0 0] ), abelian= True
O_ 297  = ( [[0, 1], [2, 3, 4]] [[0, 2], [1, 3, 4]] [1 0 0 0 0] ), abelian= False
O_ 298  = ( [[0, 1], [2, 3, 4]] [[0, 2], [1, 3, 4]] [0 0 0 1 0] ), abelian= False
O_ 299  = ( [[0, 1], [2, 3, 4]] [[0, 2], [1, 3, 4]] [1 0 0 1 0] ), abelian= False
O_ 300  = ( [[0, 1], [2, 3, 4]] [[0, 2], [1, 3, 4]] [0 0 0 1 1] ), abelian= False
O_ 301  = ( [[0, 1], [2, 3, 4]] [[0, 2], [1, 3, 4]] [1 0 0 1 1] ), abelian= True
O_ 302  = ( [[0, 1], [2, 3, 4]] [[0, 2, 1, 3], [4]] [0 0 0 0 0] ), abelian= True
O_ 303  = ( [[0, 1], [2, 3, 4]] [[0, 2, 1, 3], [4]] [1 0 0 0 0] ), abelian= False
O_ 304  = ( [[0, 1], [2, 3, 4]] [[0, 2, 1, 3], [4]] [0 0 1 0 0] ), abelian= False
O_ 305  = ( [[0, 1], [2, 3, 4]] [[0, 2, 1, 3], [4]] [1 0 1 0 0] ), abelian= False
O_ 306  = ( [[0, 1], [2, 3, 4]] [[0, 2, 1, 3, 4]] [0 0 0 0 0] ), abelian= True
O_ 307  = ( [[0, 1], [2, 3, 4]] [[0, 2, 1, 3, 4]] [1 0 0 0 0] ), abelian= False
O_ 308  = ( [[0, 1], [2, 3, 4]] [[0, 2, 1, 3, 4]] [0 0 1 0 0] ), abelian= False
O_ 309  = ( [[0, 1], [2, 3, 4]] [[0, 2, 1, 3, 4]] [1 0 1 0 0] ), abelian= False
O_ 310  = ( [[0, 1], [2, 3, 4]] [[0, 2, 1, 3, 4]] [0 0 0 1 0] ), abelian= False
O_ 311  = ( [[0, 1], [2, 3, 4]] [[0, 2, 1, 3, 4]] [1 0 0 1 0] ), abelian= False
O_ 312  = ( [[0, 1], [2, 3, 4]] [[0, 2, 1, 3, 4]] [0 0 1 1 0] ), abelian= False
O_ 313  = ( [[0, 1], [2, 3, 4]] [[0, 2, 1, 3, 4]] [1 0 1 1 0] ), abelian= False
O_ 314  = ( [[0, 1], [2, 3, 4]] [[0, 2, 1, 3, 4]] [0 0 0 1 1] ), abelian= False
O_ 315  = ( [[0, 1], [2, 3, 4]] [[0, 2, 1, 3, 4]] [1 0 0 1 1] ), abelian= False
O_ 316  = ( [[0, 1], [2, 3, 4]] [[0, 2, 1, 3, 4]] [0 0 1 1 1] ), abelian= True
O_ 317  = ( [[0, 1], [2, 3, 4]] [[0, 2, 1, 3, 4]] [1 0 1 1 1] ), abelian= False
O_ 318  = ( [[0], [1], [2, 3, 4]] [[0], [1], [2], [3], [4]] [0 0 0 0 0] ), abelian= True
O_ 319  = ( [[0], [1], [2, 3, 4]] [[0], [1], [2], [3, 4]] [0 0 0 0 0] ), abelian= True
O_ 320  = ( [[0], [1], [2, 3, 4]] [[0], [1], [2], [3, 4]] [0 0 0 1 0] ), abelian= False
O_ 321  = ( [[0], [1], [2, 3, 4]] [[0], [1], [2, 3, 4]] [0 0 0 0 0] ), abelian= True
O_ 322  = ( [[0], [1], [2, 3, 4]] [[0], [1], [2, 3, 4]] [0 0 1 0 0] ), abelian= False
O_ 323  = ( [[0], [1], [2, 3, 4]] [[0], [1], [2, 3, 4]] [0 0 1 1 0] ), abelian= False
O_ 324  = ( [[0], [1], [2, 3, 4]] [[0], [1], [2, 3, 4]] [0 0 1 1 1] ), abelian= True
O_ 325  = ( [[0], [1], [2, 3, 4]] [[0], [1, 2], [3], [4]] [0 0 0 0 0] ), abelian= True
O_ 326  = ( [[0], [1], [2, 3, 4]] [[0], [1, 2], [3, 4]] [0 0 0 0 0] ), abelian= True
O_ 327  = ( [[0], [1], [2, 3, 4]] [[0], [1, 2], [3, 4]] [0 0 0 1 0] ), abelian= False
O_ 328  = ( [[0], [1], [2, 3, 4]] [[0], [1, 2, 3], [4]] [0 0 0 0 0] ), abelian= True
O_ 329  = ( [[0], [1], [2, 3, 4]] [[0], [1, 2, 3], [4]] [0 0 1 0 0] ), abelian= False
O_ 330  = ( [[0], [1], [2, 3, 4]] [[0], [1, 2, 3], [4]] [0 0 1 1 0] ), abelian= True
O_ 331  = ( [[0], [1], [2, 3, 4]] [[0], [1, 2, 3, 4]] [0 0 0 0 0] ), abelian= True
O_ 332  = ( [[0], [1], [2, 3, 4]] [[0], [1, 2, 3, 4]] [0 0 1 0 0] ), abelian= False
O_ 333  = ( [[0], [1], [2, 3, 4]] [[0], [1, 2, 3, 4]] [0 0 0 1 0] ), abelian= False
O_ 334  = ( [[0], [1], [2, 3, 4]] [[0], [1, 2, 3, 4]] [0 0 1 1 0] ), abelian= False
O_ 335  = ( [[0], [1], [2, 3, 4]] [[0], [1, 2, 3, 4]] [0 0 1 0 1] ), abelian= False
O_ 336  = ( [[0], [1], [2, 3, 4]] [[0], [1, 2, 3, 4]] [0 0 1 1 1] ), abelian= True
O_ 337  = ( [[0], [1], [2, 3, 4]] [[0, 1], [2], [3], [4]] [0 0 0 0 0] ), abelian= True
O_ 338  = ( [[0], [1], [2, 3, 4]] [[0, 1], [2], [3, 4]] [0 0 0 0 0] ), abelian= True
O_ 339  = ( [[0], [1], [2, 3, 4]] [[0, 1], [2], [3, 4]] [0 0 0 1 0] ), abelian= False
O_ 340  = ( [[0], [1], [2, 3, 4]] [[0, 1], [2, 3, 4]] [0 0 0 0 0] ), abelian= True
O_ 341  = ( [[0], [1], [2, 3, 4]] [[0, 1], [2, 3, 4]] [0 0 1 0 0] ), abelian= False
O_ 342  = ( [[0], [1], [2, 3, 4]] [[0, 1], [2, 3, 4]] [0 0 1 1 0] ), abelian= False
O_ 343  = ( [[0], [1], [2, 3, 4]] [[0, 1], [2, 3, 4]] [0 0 1 1 1] ), abelian= True
O_ 344  = ( [[0], [1], [2, 3, 4]] [[0, 1, 2], [3], [4]] [0 0 0 0 0] ), abelian= True
O_ 345  = ( [[0], [1], [2, 3, 4]] [[0, 1, 2], [3, 4]] [0 0 0 0 0] ), abelian= True
O_ 346  = ( [[0], [1], [2, 3, 4]] [[0, 1, 2], [3, 4]] [0 0 0 1 0] ), abelian= False
O_ 347  = ( [[0], [1], [2, 3, 4]] [[0, 1, 2, 3], [4]] [0 0 0 0 0] ), abelian= True
O_ 348  = ( [[0], [1], [2, 3, 4]] [[0, 1, 2, 3], [4]] [0 0 1 0 0] ), abelian= False
O_ 349  = ( [[0], [1], [2, 3, 4]] [[0, 1, 2, 3], [4]] [0 0 1 1 0] ), abelian= True
O_ 350  = ( [[0], [1], [2, 3, 4]] [[0, 1, 2, 3, 4]] [0 0 0 0 0] ), abelian= True
O_ 351  = ( [[0], [1], [2, 3, 4]] [[0, 1, 2, 3, 4]] [0 0 1 0 0] ), abelian= False
O_ 352  = ( [[0], [1], [2, 3, 4]] [[0, 1, 2, 3, 4]] [0 0 0 1 0] ), abelian= False
O_ 353  = ( [[0], [1], [2, 3, 4]] [[0, 1, 2, 3, 4]] [0 0 1 1 0] ), abelian= False
O_ 354  = ( [[0], [1], [2, 3, 4]] [[0, 1, 2, 3, 4]] [0 0 1 0 1] ), abelian= False
O_ 355  = ( [[0], [1], [2, 3, 4]] [[0, 1, 2, 3, 4]] [0 0 1 1 1] ), abelian= True
O_ 356  = ( [[0], [1], [2, 3, 4]] [[0, 2], [1, 3], [4]] [0 0 0 0 0] ), abelian= True
O_ 357  = ( [[0], [1], [2, 3, 4]] [[0, 2], [1, 3, 4]] [0 0 0 0 0] ), abelian= True
O_ 358  = ( [[0], [1], [2, 3, 4]] [[0, 2], [1, 3, 4]] [0 0 0 1 0] ), abelian= False
O_ 359  = ( [[0], [1], [2, 3, 4]] [[0, 2], [1, 3, 4]] [0 0 0 1 1] ), abelian= True
O_ 360  = ( [[0], [1], [2, 3, 4]] [[0, 2, 1, 3], [4]] [0 0 0 0 0] ), abelian= True
O_ 361  = ( [[0], [1], [2, 3, 4]] [[0, 2, 1, 3], [4]] [0 0 1 0 0] ), abelian= False
O_ 362  = ( [[0], [1], [2, 3, 4]] [[0, 2, 1, 3, 4]] [0 0 0 0 0] ), abelian= True
O_ 363  = ( [[0], [1], [2, 3, 4]] [[0, 2, 1, 3, 4]] [0 0 1 0 0] ), abelian= False
O_ 364  = ( [[0], [1], [2, 3, 4]] [[0, 2, 1, 3, 4]] [0 0 0 1 0] ), abelian= False
O_ 365  = ( [[0], [1], [2, 3, 4]] [[0, 2, 1, 3, 4]] [0 0 1 1 0] ), abelian= False
O_ 366  = ( [[0], [1], [2, 3, 4]] [[0, 2, 1, 3, 4]] [0 0 0 1 1] ), abelian= False
O_ 367  = ( [[0], [1], [2, 3, 4]] [[0, 2, 1, 3, 4]] [0 0 1 1 1] ), abelian= True
O_ 368  = ( [[0], [1, 2], [3, 4]] [[0], [1], [2], [3], [4]] [0 0 0 0 0] ), abelian= True
O_ 369  = ( [[0], [1, 2], [3, 4]] [[0], [1], [2], [3, 4]] [0 0 0 0 0] ), abelian= True
O_ 370  = ( [[0], [1, 2], [3, 4]] [[0], [1], [2], [3, 4]] [0 0 0 1 0] ), abelian= False
O_ 371  = ( [[0], [1, 2], [3, 4]] [[0], [1], [2, 3], [4]] [0 0 0 0 0] ), abelian= True
O_ 372  = ( [[0], [1, 2], [3, 4]] [[0], [1], [2, 3, 4]] [0 0 0 0 0] ), abelian= True
O_ 373  = ( [[0], [1, 2], [3, 4]] [[0], [1], [2, 3, 4]] [0 0 0 1 0] ), abelian= False
O_ 374  = ( [[0], [1, 2], [3, 4]] [[0], [1, 2], [3, 4]] [0 0 0 0 0] ), abelian= True
O_ 375  = ( [[0], [1, 2], [3, 4]] [[0], [1, 2], [3, 4]] [0 1 0 0 0] ), abelian= False
O_ 376  = ( [[0], [1, 2], [3, 4]] [[0], [1, 2], [3, 4]] [0 1 0 1 0] ), abelian= False
O_ 377  = ( [[0], [1, 2], [3, 4]] [[0], [1, 2, 3, 4]] [0 0 0 0 0] ), abelian= True
O_ 378  = ( [[0], [1, 2], [3, 4]] [[0], [1, 2, 3, 4]] [0 1 0 0 0] ), abelian= False
O_ 379  = ( [[0], [1, 2], [3, 4]] [[0], [1, 2, 3, 4]] [0 1 0 1 0] ), abelian= False
O_ 380  = ( [[0], [1, 2], [3, 4]] [[0], [1, 3], [2, 4]] [0 0 0 0 0] ), abelian= True
O_ 381  = ( [[0], [1, 2], [3, 4]] [[0], [1, 3], [2, 4]] [0 1 0 0 0] ), abelian= False
O_ 382  = ( [[0], [1, 2], [3, 4]] [[0], [1, 3, 2, 4]] [0 0 0 0 0] ), abelian= True
O_ 383  = ( [[0], [1, 2], [3, 4]] [[0], [1, 3, 2, 4]] [0 1 0 0 0] ), abelian= False
O_ 384  = ( [[0], [1, 2], [3, 4]] [[0], [1, 3, 2, 4]] [0 1 0 1 0] ), abelian= False
O_ 385  = ( [[0], [1, 2], [3, 4]] [[0, 1], [2], [3], [4]] [0 0 0 0 0] ), abelian= True
O_ 386  = ( [[0], [1, 2], [3, 4]] [[0, 1], [2], [3, 4]] [0 0 0 0 0] ), abelian= True
O_ 387  = ( [[0], [1, 2], [3, 4]] [[0, 1], [2], [3, 4]] [0 0 0 1 0] ), abelian= False
O_ 388  = ( [[0], [1, 2], [3, 4]] [[0, 1], [2, 3], [4]] [0 0 0 0 0] ), abelian= True
O_ 389  = ( [[0], [1, 2], [3, 4]] [[0, 1], [2, 3, 4]] [0 0 0 0 0] ), abelian= True
O_ 390  = ( [[0], [1, 2], [3, 4]] [[0, 1], [2, 3, 4]] [0 0 0 1 0] ), abelian= False
O_ 391  = ( [[0], [1, 2], [3, 4]] [[0, 1, 2], [3], [4]] [0 0 0 0 0] ), abelian= True
O_ 392  = ( [[0], [1, 2], [3, 4]] [[0, 1, 2], [3], [4]] [0 1 0 0 0] ), abelian= False
O_ 393  = ( [[0], [1, 2], [3, 4]] [[0, 1, 2], [3, 4]] [0 0 0 0 0] ), abelian= True
O_ 394  = ( [[0], [1, 2], [3, 4]] [[0, 1, 2], [3, 4]] [0 1 0 0 0] ), abelian= False
O_ 395  = ( [[0], [1, 2], [3, 4]] [[0, 1, 2], [3, 4]] [0 0 0 1 0] ), abelian= False
O_ 396  = ( [[0], [1, 2], [3, 4]] [[0, 1, 2], [3, 4]] [0 1 0 1 0] ), abelian= False
O_ 397  = ( [[0], [1, 2], [3, 4]] [[0, 1, 2, 3], [4]] [0 0 0 0 0] ), abelian= True
O_ 398  = ( [[0], [1, 2], [3, 4]] [[0, 1, 2, 3], [4]] [0 1 0 0 0] ), abelian= False
O_ 399  = ( [[0], [1, 2], [3, 4]] [[0, 1, 2, 3, 4]] [0 0 0 0 0] ), abelian= True
O_ 400  = ( [[0], [1, 2], [3, 4]] [[0, 1, 2, 3, 4]] [0 1 0 0 0] ), abelian= False
O_ 401  = ( [[0], [1, 2], [3, 4]] [[0, 1, 2, 3, 4]] [0 1 0 1 0] ), abelian= False
O_ 402  = ( [[0], [1, 2], [3, 4]] [[0, 1, 3, 2], [4]] [0 0 0 0 0] ), abelian= True
O_ 403  = ( [[0], [1, 2], [3, 4]] [[0, 1, 3, 2], [4]] [0 1 0 0 0] ), abelian= False
O_ 404  = ( [[0], [1, 2], [3, 4]] [[0, 1, 3, 4, 2]] [0 0 0 0 0] ), abelian= True
O_ 405  = ( [[0], [1, 2], [3, 4]] [[0, 1, 3, 4, 2]] [0 1 0 0 0] ), abelian= False
O_ 406  = ( [[0], [1, 2], [3, 4]] [[0, 1, 3, 4, 2]] [0 0 0 1 0] ), abelian= False
O_ 407  = ( [[0], [1, 2], [3, 4]] [[0, 1, 3, 4, 2]] [0 1 0 1 0] ), abelian= False
O_ 408  = ( [[0], [1, 2], [3, 4]] [[0, 1, 3], [2], [4]] [0 0 0 0 0] ), abelian= True
O_ 409  = ( [[0], [1, 2], [3, 4]] [[0, 1, 3], [2, 4]] [0 0 0 0 0] ), abelian= True
O_ 410  = ( [[0], [1, 2], [3, 4]] [[0, 1, 3], [2, 4]] [0 1 0 0 0] ), abelian= False
O_ 411  = ( [[0], [1, 2], [3, 4]] [[0, 1, 3, 2, 4]] [0 0 0 0 0] ), abelian= True
O_ 412  = ( [[0], [1, 2], [3, 4]] [[0, 1, 3, 2, 4]] [0 1 0 0 0] ), abelian= False
O_ 413  = ( [[0], [1, 2], [3, 4]] [[0, 1, 3, 2, 4]] [0 1 0 1 0] ), abelian= False
O_ 414  = ( [[0], [1], [2], [3, 4]] [[0], [1], [2], [3], [4]] [0 0 0 0 0] ), abelian= True
O_ 415  = ( [[0], [1], [2], [3, 4]] [[0], [1], [2], [3, 4]] [0 0 0 0 0] ), abelian= True
O_ 416  = ( [[0], [1], [2], [3, 4]] [[0], [1], [2], [3, 4]] [0 0 0 1 0] ), abelian= False
O_ 417  = ( [[0], [1], [2], [3, 4]] [[0], [1], [2, 3], [4]] [0 0 0 0 0] ), abelian= True
O_ 418  = ( [[0], [1], [2], [3, 4]] [[0], [1], [2, 3, 4]] [0 0 0 0 0] ), abelian= True
O_ 419  = ( [[0], [1], [2], [3, 4]] [[0], [1], [2, 3, 4]] [0 0 0 1 0] ), abelian= False
O_ 420  = ( [[0], [1], [2], [3, 4]] [[0], [1, 2], [3], [4]] [0 0 0 0 0] ), abelian= True
O_ 421  = ( [[0], [1], [2], [3, 4]] [[0], [1, 2], [3, 4]] [0 0 0 0 0] ), abelian= True
O_ 422  = ( [[0], [1], [2], [3, 4]] [[0], [1, 2], [3, 4]] [0 0 0 1 0] ), abelian= False
O_ 423  = ( [[0], [1], [2], [3, 4]] [[0], [1, 2, 3], [4]] [0 0 0 0 0] ), abelian= True
O_ 424  = ( [[0], [1], [2], [3, 4]] [[0], [1, 2, 3, 4]] [0 0 0 0 0] ), abelian= True
O_ 425  = ( [[0], [1], [2], [3, 4]] [[0], [1, 2, 3, 4]] [0 0 0 1 0] ), abelian= False
O_ 426  = ( [[0], [1], [2], [3, 4]] [[0], [1, 3], [2, 4]] [0 0 0 0 0] ), abelian= True
O_ 427  = ( [[0], [1], [2], [3, 4]] [[0], [1, 3, 2, 4]] [0 0 0 0 0] ), abelian= True
O_ 428  = ( [[0], [1], [2], [3, 4]] [[0], [1, 3, 2, 4]] [0 0 0 1 0] ), abelian= False
O_ 429  = ( [[0], [1], [2], [3, 4]] [[0, 1], [2, 3], [4]] [0 0 0 0 0] ), abelian= True
O_ 430  = ( [[0], [1], [2], [3, 4]] [[0, 1], [2, 3, 4]] [0 0 0 0 0] ), abelian= True
O_ 431  = ( [[0], [1], [2], [3, 4]] [[0, 1], [2, 3, 4]] [0 0 0 1 0] ), abelian= False
O_ 432  = ( [[0], [1], [2], [3, 4]] [[0, 1, 2], [3], [4]] [0 0 0 0 0] ), abelian= True
O_ 433  = ( [[0], [1], [2], [3, 4]] [[0, 1, 2], [3, 4]] [0 0 0 0 0] ), abelian= True
O_ 434  = ( [[0], [1], [2], [3, 4]] [[0, 1, 2], [3, 4]] [0 0 0 1 0] ), abelian= False
O_ 435  = ( [[0], [1], [2], [3, 4]] [[0, 1, 2, 3], [4]] [0 0 0 0 0] ), abelian= True
O_ 436  = ( [[0], [1], [2], [3, 4]] [[0, 1, 2, 3, 4]] [0 0 0 0 0] ), abelian= True
O_ 437  = ( [[0], [1], [2], [3, 4]] [[0, 1, 2, 3, 4]] [0 0 0 1 0] ), abelian= False
O_ 438  = ( [[0], [1], [2], [3, 4]] [[0, 1, 3], [2, 4]] [0 0 0 0 0] ), abelian= True
O_ 439  = ( [[0], [1], [2], [3, 4]] [[0, 1, 3, 2, 4]] [0 0 0 0 0] ), abelian= True
O_ 440  = ( [[0], [1], [2], [3, 4]] [[0, 1, 3, 2, 4]] [0 0 0 1 0] ), abelian= False
O_ 441  = ( [[0], [1], [2], [3], [4]] [[0], [1], [2], [3], [4]] [0 0 0 0 0] ), abelian= True
O_ 442  = ( [[0], [1], [2], [3], [4]] [[0], [1], [2], [3, 4]] [0 0 0 0 0] ), abelian= True
O_ 443  = ( [[0], [1], [2], [3], [4]] [[0], [1], [2, 3, 4]] [0 0 0 0 0] ), abelian= True
O_ 444  = ( [[0], [1], [2], [3], [4]] [[0], [1, 2], [3, 4]] [0 0 0 0 0] ), abelian= True
O_ 445  = ( [[0], [1], [2], [3], [4]] [[0], [1, 2, 3, 4]] [0 0 0 0 0] ), abelian= True
O_ 446  = ( [[0], [1], [2], [3], [4]] [[0, 1], [2, 3, 4]] [0 0 0 0 0] ), abelian= True
O_ 447  = ( [[0], [1], [2], [3], [4]] [[0, 1, 2, 3, 4]] [0 0 0 0 0] ), abelian= True
