#d = 5
  Component No. 1
  representatives:  [  0  69  76 129 136 447]
  index of VG = 6
  base: (x,y,eps) = ( [[0, 1, 2, 3, 4]] [[0], [1], [2], [3], [4]] [0 0 0 0 0] )
  surface type= ( 1 , 5 )
  Abelian: True
  T = [[0, 69, 129, 136, 76], [447]]
  widths list = [5, 1] 2
  S = [[0, 447], [69, 76], [129], [136]]
  widths list = [2, 2, 1, 1] 4
  TS = [[0, 447, 69], [76, 129, 136]]
  widths list = [3, 3] 2
  genus = 0
  Wolfarht level = 5
    representative No. 0
    (x,y,eps) = ( [[0, 1, 2, 3, 4]] [[0], [1], [2], [3], [4]] [0 0 0 0 0] )
    representative No. 69
    (x,y,eps) = ( [[0, 1, 2, 3, 4]] [[0, 1, 2, 3, 4]] [0 0 0 0 0] )
    representative No. 76
    (x,y,eps) = ( [[0, 1, 2, 3, 4]] [[0, 1, 2, 3, 4]] [1 1 1 1 1] )
    representative No. 129
    (x,y,eps) = ( [[0, 1, 2, 3, 4]] [[0, 2, 4, 1, 3]] [0 0 0 0 0] )
    representative No. 136
    (x,y,eps) = ( [[0, 1, 2, 3, 4]] [[0, 2, 4, 1, 3]] [1 1 1 1 1] )
    representative No. 447
    (x,y,eps) = ( [[0], [1], [2], [3], [4]] [[0, 1, 2, 3, 4]] [0 0 0 0 0] )
 
 
 
  Component No. 2
  representatives:  [  1  14  23 117 125 167 193 202 233 294 296 301 302 306 316 409 435 436]
  index of VG = 18
  base: (x,y,eps) = ( [[0, 1, 2, 3, 4]] [[0], [1], [2], [3, 4]] [0 0 0 0 0] )
  surface type= ( 2 , 3 )
  Abelian: True
  T = [[1, 14, 117, 125, 23], [167, 193, 233, 202], [294, 296, 316, 302, 306, 301], [409], [435, 436]]
  widths list = [5, 4, 6, 1, 2] 5
  S = [[1, 436], [14, 202], [23, 193], [117, 316], [125, 306], [167, 435], [233, 302], [294, 409], [296, 301]]
  widths list = [2, 2, 2, 2, 2, 2, 2, 2, 2] 9
  TS = [[1, 435, 193], [14, 167, 436], [23, 233, 306], [117, 302, 202], [125, 301, 316], [294, 409, 296]]
  widths list = [3, 3, 3, 3, 3, 3] 6
  genus = 0
  Wolfarht level = 60
    representative No. 1
    (x,y,eps) = ( [[0, 1, 2, 3, 4]] [[0], [1], [2], [3, 4]] [0 0 0 0 0] )
    representative No. 14
    (x,y,eps) = ( [[0, 1, 2, 3, 4]] [[0], [1, 2, 3, 4]] [0 0 0 0 0] )
    representative No. 23
    (x,y,eps) = ( [[0, 1, 2, 3, 4]] [[0], [1, 2, 3, 4]] [0 1 1 1 1] )
    representative No. 117
    (x,y,eps) = ( [[0, 1, 2, 3, 4]] [[0, 1, 3], [2, 4]] [0 0 0 0 0] )
    representative No. 125
    (x,y,eps) = ( [[0, 1, 2, 3, 4]] [[0, 1, 3], [2, 4]] [1 1 0 1 0] )
    representative No. 167
    (x,y,eps) = ( [[0], [1, 2, 3, 4]] [[0, 1], [2], [3], [4]] [0 0 0 0 0] )
    representative No. 193
    (x,y,eps) = ( [[0], [1, 2, 3, 4]] [[0, 1, 2, 3, 4]] [0 0 0 0 0] )
    representative No. 202
    (x,y,eps) = ( [[0], [1, 2, 3, 4]] [[0, 1, 2, 3, 4]] [0 1 1 1 1] )
    representative No. 233
    (x,y,eps) = ( [[0], [1, 2, 3, 4]] [[0, 1, 3], [2, 4]] [0 0 0 0 0] )
    representative No. 294
    (x,y,eps) = ( [[0, 1], [2, 3, 4]] [[0, 2], [1, 3], [4]] [0 0 0 0 0] )
    representative No. 296
    (x,y,eps) = ( [[0, 1], [2, 3, 4]] [[0, 2], [1, 3, 4]] [0 0 0 0 0] )
    representative No. 301
    (x,y,eps) = ( [[0, 1], [2, 3, 4]] [[0, 2], [1, 3, 4]] [1 0 0 1 1] )
    representative No. 302
    (x,y,eps) = ( [[0, 1], [2, 3, 4]] [[0, 2, 1, 3], [4]] [0 0 0 0 0] )
    representative No. 306
    (x,y,eps) = ( [[0, 1], [2, 3, 4]] [[0, 2, 1, 3, 4]] [0 0 0 0 0] )
    representative No. 316
    (x,y,eps) = ( [[0, 1], [2, 3, 4]] [[0, 2, 1, 3, 4]] [0 0 1 1 1] )
    representative No. 409
    (x,y,eps) = ( [[0], [1, 2], [3, 4]] [[0, 1, 3], [2, 4]] [0 0 0 0 0] )
    representative No. 435
    (x,y,eps) = ( [[0], [1], [2], [3, 4]] [[0, 1, 2, 3], [4]] [0 0 0 0 0] )
    representative No. 436
    (x,y,eps) = ( [[0], [1], [2], [3, 4]] [[0, 1, 2, 3, 4]] [0 0 0 0 0] )
 
 
 
  Component No. 3
  representatives:  [  2  56  70  75  81  93 106 109 111 113 407 437]
  index of VG = 12
  base: (x,y,eps) = ( [[0, 1, 2, 3, 4]] [[0], [1], [2], [3, 4]] [0 0 0 1 0] )
  surface type= ( 2 , 3 )
  Abelian: False
  T = [[2, 70, 113, 106, 75], [56, 93, 111, 109, 81], [407], [437]]
  widths list = [5, 5, 1, 1] 4
  S = [[2, 437], [56, 407], [70, 75], [81, 93], [106, 109], [111, 113]]
  widths list = [2, 2, 2, 2, 2, 2] 6
  TS = [[2, 437, 70], [56, 407, 93], [75, 113, 109], [81, 111, 106]]
  widths list = [3, 3, 3, 3] 4
  genus = 0
  Wolfarht level = 5
    representative No. 2
    (x,y,eps) = ( [[0, 1, 2, 3, 4]] [[0], [1], [2], [3, 4]] [0 0 0 1 0] )
    representative No. 56
    (x,y,eps) = ( [[0, 1, 2, 3, 4]] [[0], [1, 4], [2, 3]] [0 1 1 0 0] )
    representative No. 70
    (x,y,eps) = ( [[0, 1, 2, 3, 4]] [[0, 1, 2, 3, 4]] [1 0 0 0 0] )
    representative No. 75
    (x,y,eps) = ( [[0, 1, 2, 3, 4]] [[0, 1, 2, 3, 4]] [1 1 1 1 0] )
    representative No. 81
    (x,y,eps) = ( [[0, 1, 2, 3, 4]] [[0, 1, 2, 4, 3]] [1 0 1 0 0] )
    representative No. 93
    (x,y,eps) = ( [[0, 1, 2, 3, 4]] [[0, 1, 2, 4, 3]] [0 1 0 1 1] )
    representative No. 106
    (x,y,eps) = ( [[0, 1, 2, 3, 4]] [[0, 1, 3, 4, 2]] [0 1 0 1 0] )
    representative No. 109
    (x,y,eps) = ( [[0, 1, 2, 3, 4]] [[0, 1, 3, 4, 2]] [0 1 1 1 0] )
    representative No. 111
    (x,y,eps) = ( [[0, 1, 2, 3, 4]] [[0, 1, 3, 4, 2]] [1 0 0 0 1] )
    representative No. 113
    (x,y,eps) = ( [[0, 1, 2, 3, 4]] [[0, 1, 3, 4, 2]] [1 0 1 0 1] )
    representative No. 407
    (x,y,eps) = ( [[0], [1, 2], [3, 4]] [[0, 1, 3, 4, 2]] [0 1 0 1 0] )
    representative No. 437
    (x,y,eps) = ( [[0], [1], [2], [3, 4]] [[0, 1, 2, 3, 4]] [0 0 0 1 0] )
 
 
 
  Component No. 4
  representatives:  [  3   8  40  77  96 344 350 355 411]
  index of VG = 9
  base: (x,y,eps) = ( [[0, 1, 2, 3, 4]] [[0], [1], [2, 3, 4]] [0 0 0 0 0] )
  surface type= ( 2 , 3 )
  Abelian: True
  T = [[3, 77, 40, 96, 8], [344, 350, 355], [411]]
  widths list = [5, 3, 1] 3
  S = [[3, 355], [8, 350], [40, 411], [77, 96], [344]]
  widths list = [2, 2, 2, 2, 1] 5
  TS = [[3, 344, 350], [8, 355, 77], [40, 411, 96]]
  widths list = [3, 3, 3] 3
  genus = 0
  Wolfarht level = 15
    representative No. 3
    (x,y,eps) = ( [[0, 1, 2, 3, 4]] [[0], [1], [2, 3, 4]] [0 0 0 0 0] )
    representative No. 8
    (x,y,eps) = ( [[0, 1, 2, 3, 4]] [[0], [1], [2, 3, 4]] [0 0 1 1 1] )
    representative No. 40
    (x,y,eps) = ( [[0, 1, 2, 3, 4]] [[0], [1, 3], [2, 4]] [0 0 0 0 0] )
    representative No. 77
    (x,y,eps) = ( [[0, 1, 2, 3, 4]] [[0, 1, 2, 4, 3]] [0 0 0 0 0] )
    representative No. 96
    (x,y,eps) = ( [[0, 1, 2, 3, 4]] [[0, 1, 2, 4, 3]] [1 1 1 1 1] )
    representative No. 344
    (x,y,eps) = ( [[0], [1], [2, 3, 4]] [[0, 1, 2], [3], [4]] [0 0 0 0 0] )
    representative No. 350
    (x,y,eps) = ( [[0], [1], [2, 3, 4]] [[0, 1, 2, 3, 4]] [0 0 0 0 0] )
    representative No. 355
    (x,y,eps) = ( [[0], [1], [2, 3, 4]] [[0, 1, 2, 3, 4]] [0 0 1 1 1] )
    representative No. 411
    (x,y,eps) = ( [[0], [1, 2], [3, 4]] [[0, 1, 3, 2, 4]] [0 0 0 0 0] )
 
 
 
  Component No. 5
  representatives:  [  4   6  15  20  46  83  90 102 103 107 112 118 121 124 127 179 194 199
 225 298 299 310 311 312 313 348 351 353]
  index of VG = 28
  base: (x,y,eps) = ( [[0, 1, 2, 3, 4]] [[0], [1], [2, 3, 4]] [0 0 1 0 0] )
  surface type= ( 2 , 3 )
  Abelian: False
  T = [[4, 83, 118, 107, 20], [6, 15, 102, 124, 90], [46, 103, 121, 127, 112], [179, 194, 225, 199], [298, 313, 312, 310, 311, 299], [348, 351, 353]]
  widths list = [5, 5, 5, 4, 6, 3] 6
  S = [[4, 353], [6, 351], [15, 199], [20, 194], [46, 225], [83, 90], [102, 112], [103, 107], [118, 312], [121, 313], [124, 310], [127, 311], [179, 348], [298, 299]]
  widths list = [2, 2, 2, 2, 2, 2, 2, 2, 2, 2, 2, 2, 2, 2] 14
  TS = [[4, 348, 194], [6, 353, 83], [15, 179, 351], [20, 225, 103], [46, 199, 102], [90, 118, 310], [107, 121, 312], [112, 124, 311], [127, 299, 313], [298]]
  widths list = [3, 3, 3, 3, 3, 3, 3, 3, 3, 1] 10
  genus = 0
  Wolfarht level = 60
    representative No. 4
    (x,y,eps) = ( [[0, 1, 2, 3, 4]] [[0], [1], [2, 3, 4]] [0 0 1 0 0] )
    representative No. 6
    (x,y,eps) = ( [[0, 1, 2, 3, 4]] [[0], [1], [2, 3, 4]] [0 0 1 1 0] )
    representative No. 15
    (x,y,eps) = ( [[0, 1, 2, 3, 4]] [[0], [1, 2, 3, 4]] [0 1 0 0 0] )
    representative No. 20
    (x,y,eps) = ( [[0, 1, 2, 3, 4]] [[0], [1, 2, 3, 4]] [0 1 1 1 0] )
    representative No. 46
    (x,y,eps) = ( [[0, 1, 2, 3, 4]] [[0], [1, 3, 2, 4]] [0 1 1 0 0] )
    representative No. 83
    (x,y,eps) = ( [[0, 1, 2, 3, 4]] [[0, 1, 2, 4, 3]] [0 0 0 1 0] )
    representative No. 90
    (x,y,eps) = ( [[0, 1, 2, 3, 4]] [[0, 1, 2, 4, 3]] [1 1 1 1 0] )
    representative No. 102
    (x,y,eps) = ( [[0, 1, 2, 3, 4]] [[0, 1, 3, 4, 2]] [1 0 1 0 0] )
    representative No. 103
    (x,y,eps) = ( [[0, 1, 2, 3, 4]] [[0, 1, 3, 4, 2]] [0 1 1 0 0] )
    representative No. 107
    (x,y,eps) = ( [[0, 1, 2, 3, 4]] [[0, 1, 3, 4, 2]] [1 1 0 1 0] )
    representative No. 112
    (x,y,eps) = ( [[0, 1, 2, 3, 4]] [[0, 1, 3, 4, 2]] [1 1 0 0 1] )
    representative No. 118
    (x,y,eps) = ( [[0, 1, 2, 3, 4]] [[0, 1, 3], [2, 4]] [1 0 0 0 0] )
    representative No. 121
    (x,y,eps) = ( [[0, 1, 2, 3, 4]] [[0, 1, 3], [2, 4]] [1 0 1 0 0] )
    representative No. 124
    (x,y,eps) = ( [[0, 1, 2, 3, 4]] [[0, 1, 3], [2, 4]] [1 0 0 1 0] )
    representative No. 127
    (x,y,eps) = ( [[0, 1, 2, 3, 4]] [[0, 1, 3], [2, 4]] [1 0 1 1 0] )
    representative No. 179
    (x,y,eps) = ( [[0], [1, 2, 3, 4]] [[0, 1, 2], [3], [4]] [0 1 0 0 0] )
    representative No. 194
    (x,y,eps) = ( [[0], [1, 2, 3, 4]] [[0, 1, 2, 3, 4]] [0 1 0 0 0] )
    representative No. 199
    (x,y,eps) = ( [[0], [1, 2, 3, 4]] [[0, 1, 2, 3, 4]] [0 1 1 1 0] )
    representative No. 225
    (x,y,eps) = ( [[0], [1, 2, 3, 4]] [[0, 1, 3, 4, 2]] [0 1 0 1 0] )
    representative No. 298
    (x,y,eps) = ( [[0, 1], [2, 3, 4]] [[0, 2], [1, 3, 4]] [0 0 0 1 0] )
    representative No. 299
    (x,y,eps) = ( [[0, 1], [2, 3, 4]] [[0, 2], [1, 3, 4]] [1 0 0 1 0] )
    representative No. 310
    (x,y,eps) = ( [[0, 1], [2, 3, 4]] [[0, 2, 1, 3, 4]] [0 0 0 1 0] )
    representative No. 311
    (x,y,eps) = ( [[0, 1], [2, 3, 4]] [[0, 2, 1, 3, 4]] [1 0 0 1 0] )
    representative No. 312
    (x,y,eps) = ( [[0, 1], [2, 3, 4]] [[0, 2, 1, 3, 4]] [0 0 1 1 0] )
    representative No. 313
    (x,y,eps) = ( [[0, 1], [2, 3, 4]] [[0, 2, 1, 3, 4]] [1 0 1 1 0] )
    representative No. 348
    (x,y,eps) = ( [[0], [1], [2, 3, 4]] [[0, 1, 2, 3], [4]] [0 0 1 0 0] )
    representative No. 351
    (x,y,eps) = ( [[0], [1], [2, 3, 4]] [[0, 1, 2, 3, 4]] [0 0 1 0 0] )
    representative No. 353
    (x,y,eps) = ( [[0], [1], [2, 3, 4]] [[0, 1, 2, 3, 4]] [0 0 1 1 0] )
 
 
 
  Component No. 6
  representatives:  [  5   7  29  32  58  68  71  73  79  95 209 211 271 283 293 346 352 354]
  index of VG = 18
  base: (x,y,eps) = ( [[0, 1, 2, 3, 4]] [[0], [1], [2, 3, 4]] [0 0 0 1 0] )
  surface type= ( 2 , 3 )
  Abelian: False
  T = [[5, 71, 29, 95, 68], [7, 58, 79, 32, 73], [209, 211], [271, 283, 293], [346, 352, 354]]
  widths list = [5, 5, 2, 3, 3] 5
  S = [[5, 354], [7, 352], [29, 209], [32, 211], [58, 293], [68, 283], [71, 73], [79, 95], [271, 346]]
  widths list = [2, 2, 2, 2, 2, 2, 2, 2, 2] 9
  TS = [[5, 346, 283], [7, 354, 71], [29, 211, 73], [32, 209, 95], [58, 271, 352], [68, 293, 79]]
  widths list = [3, 3, 3, 3, 3, 3] 6
  genus = 0
  Wolfarht level = 30
    representative No. 5
    (x,y,eps) = ( [[0, 1, 2, 3, 4]] [[0], [1], [2, 3, 4]] [0 0 0 1 0] )
    representative No. 7
    (x,y,eps) = ( [[0, 1, 2, 3, 4]] [[0], [1], [2, 3, 4]] [0 0 1 0 1] )
    representative No. 29
    (x,y,eps) = ( [[0, 1, 2, 3, 4]] [[0], [1, 2, 4, 3]] [0 1 0 1 0] )
    representative No. 32
    (x,y,eps) = ( [[0, 1, 2, 3, 4]] [[0], [1, 2, 4, 3]] [0 0 1 0 1] )
    representative No. 58
    (x,y,eps) = ( [[0, 1, 2, 3, 4]] [[0, 1], [2, 3, 4]] [1 0 0 0 0] )
    representative No. 68
    (x,y,eps) = ( [[0, 1, 2, 3, 4]] [[0, 1], [2, 3, 4]] [1 0 1 1 1] )
    representative No. 71
    (x,y,eps) = ( [[0, 1, 2, 3, 4]] [[0, 1, 2, 3, 4]] [1 1 0 0 0] )
    representative No. 73
    (x,y,eps) = ( [[0, 1, 2, 3, 4]] [[0, 1, 2, 3, 4]] [1 1 1 0 0] )
    representative No. 79
    (x,y,eps) = ( [[0, 1, 2, 3, 4]] [[0, 1, 2, 4, 3]] [0 1 0 0 0] )
    representative No. 95
    (x,y,eps) = ( [[0, 1, 2, 3, 4]] [[0, 1, 2, 4, 3]] [1 0 1 1 1] )
    representative No. 209
    (x,y,eps) = ( [[0], [1, 2, 3, 4]] [[0, 1, 2, 4, 3]] [0 0 1 1 0] )
    representative No. 211
    (x,y,eps) = ( [[0], [1, 2, 3, 4]] [[0, 1, 2, 4, 3]] [0 1 0 0 1] )
    representative No. 271
    (x,y,eps) = ( [[0, 1], [2, 3, 4]] [[0, 1, 2], [3], [4]] [1 0 0 0 0] )
    representative No. 283
    (x,y,eps) = ( [[0, 1], [2, 3, 4]] [[0, 1, 2, 3, 4]] [1 0 0 0 0] )
    representative No. 293
    (x,y,eps) = ( [[0, 1], [2, 3, 4]] [[0, 1, 2, 3, 4]] [1 0 1 1 1] )
    representative No. 346
    (x,y,eps) = ( [[0], [1], [2, 3, 4]] [[0, 1, 2], [3, 4]] [0 0 0 1 0] )
    representative No. 352
    (x,y,eps) = ( [[0], [1], [2, 3, 4]] [[0, 1, 2, 3, 4]] [0 0 0 1 0] )
    representative No. 354
    (x,y,eps) = ( [[0], [1], [2, 3, 4]] [[0, 1, 2, 3, 4]] [0 0 1 0 1] )
 
 
 
  Component No. 7
  representatives:  [  9  43  52  57  67 170 175 178 180 187 192 221 230 244 250 255 270 282
 292 345 347 349 438 439]
  index of VG = 24
  base: (x,y,eps) = ( [[0, 1, 2, 3, 4]] [[0], [1], [2, 4], [3]] [0 0 0 0 0] )
  surface type= ( 2 , 3 )
  Abelian: True
  T = [[9, 57, 43, 52, 67], [170, 230, 192, 178], [175, 180, 187, 221], [244, 282, 255, 270, 250, 292], [345, 349, 347], [438, 439]]
  widths list = [5, 4, 4, 6, 3, 2] 6
  S = [[9, 439], [43, 221], [52, 230], [57, 292], [67, 282], [170, 255], [175, 250], [178, 349], [180, 347], [187, 192], [244, 438], [270, 345]]
  widths list = [2, 2, 2, 2, 2, 2, 2, 2, 2, 2, 2, 2] 12
  TS = [[9, 438, 282], [43, 175, 292], [52, 192, 221], [57, 244, 439], [67, 255, 230], [170, 270, 349], [178, 347, 187], [180, 345, 250]]
  widths list = [3, 3, 3, 3, 3, 3, 3, 3] 8
  genus = 0
  Wolfarht level = 60
    representative No. 9
    (x,y,eps) = ( [[0, 1, 2, 3, 4]] [[0], [1], [2, 4], [3]] [0 0 0 0 0] )
    representative No. 43
    (x,y,eps) = ( [[0, 1, 2, 3, 4]] [[0], [1, 3, 2, 4]] [0 0 0 0 0] )
    representative No. 52
    (x,y,eps) = ( [[0, 1, 2, 3, 4]] [[0], [1, 3, 2, 4]] [0 1 1 1 1] )
    representative No. 57
    (x,y,eps) = ( [[0, 1, 2, 3, 4]] [[0, 1], [2, 3, 4]] [0 0 0 0 0] )
    representative No. 67
    (x,y,eps) = ( [[0, 1, 2, 3, 4]] [[0, 1], [2, 3, 4]] [0 0 1 1 1] )
    representative No. 170
    (x,y,eps) = ( [[0], [1, 2, 3, 4]] [[0, 1], [2, 3, 4]] [0 0 0 0 0] )
    representative No. 175
    (x,y,eps) = ( [[0], [1, 2, 3, 4]] [[0, 1], [2, 3, 4]] [0 0 1 1 1] )
    representative No. 178
    (x,y,eps) = ( [[0], [1, 2, 3, 4]] [[0, 1, 2], [3], [4]] [0 0 0 0 0] )
    representative No. 180
    (x,y,eps) = ( [[0], [1, 2, 3, 4]] [[0, 1, 2], [3], [4]] [0 1 1 0 0] )
    representative No. 187
    (x,y,eps) = ( [[0], [1, 2, 3, 4]] [[0, 1, 2, 3], [4]] [0 0 0 0 0] )
    representative No. 192
    (x,y,eps) = ( [[0], [1, 2, 3, 4]] [[0, 1, 2, 3], [4]] [0 1 1 1 0] )
    representative No. 221
    (x,y,eps) = ( [[0], [1, 2, 3, 4]] [[0, 1, 3, 4, 2]] [0 0 0 0 0] )
    representative No. 230
    (x,y,eps) = ( [[0], [1, 2, 3, 4]] [[0, 1, 3, 4, 2]] [0 1 1 1 1] )
    representative No. 244
    (x,y,eps) = ( [[0, 1], [2, 3, 4]] [[0], [1, 2], [3], [4]] [0 0 0 0 0] )
    representative No. 250
    (x,y,eps) = ( [[0, 1], [2, 3, 4]] [[0], [1, 2, 3, 4]] [0 0 0 0 0] )
    representative No. 255
    (x,y,eps) = ( [[0, 1], [2, 3, 4]] [[0], [1, 2, 3, 4]] [0 0 1 1 1] )
    representative No. 270
    (x,y,eps) = ( [[0, 1], [2, 3, 4]] [[0, 1, 2], [3], [4]] [0 0 0 0 0] )
    representative No. 282
    (x,y,eps) = ( [[0, 1], [2, 3, 4]] [[0, 1, 2, 3, 4]] [0 0 0 0 0] )
    representative No. 292
    (x,y,eps) = ( [[0, 1], [2, 3, 4]] [[0, 1, 2, 3, 4]] [0 0 1 1 1] )
    representative No. 345
    (x,y,eps) = ( [[0], [1], [2, 3, 4]] [[0, 1, 2], [3, 4]] [0 0 0 0 0] )
    representative No. 347
    (x,y,eps) = ( [[0], [1], [2, 3, 4]] [[0, 1, 2, 3], [4]] [0 0 0 0 0] )
    representative No. 349
    (x,y,eps) = ( [[0], [1], [2, 3, 4]] [[0, 1, 2, 3], [4]] [0 0 1 1 0] )
    representative No. 438
    (x,y,eps) = ( [[0], [1], [2], [3, 4]] [[0, 1, 3], [2, 4]] [0 0 0 0 0] )
    representative No. 439
    (x,y,eps) = ( [[0], [1], [2], [3, 4]] [[0, 1, 3, 2, 4]] [0 0 0 0 0] )
 
 
 
  Component No. 8
  representatives:  [ 10  82  91 130 135 440]
  index of VG = 6
  base: (x,y,eps) = ( [[0, 1, 2, 3, 4]] [[0], [1], [2, 4], [3]] [0 0 1 0 0] )
  surface type= ( 2 , 3 )
  Abelian: False
  T = [[10, 91, 130, 135, 82], [440]]
  widths list = [5, 1] 2
  S = [[10, 440], [82, 91], [130], [135]]
  widths list = [2, 2, 1, 1] 4
  TS = [[10, 440, 91], [82, 130, 135]]
  widths list = [3, 3] 2
  genus = 0
  Wolfarht level = 5
    representative No. 10
    (x,y,eps) = ( [[0, 1, 2, 3, 4]] [[0], [1], [2, 4], [3]] [0 0 1 0 0] )
    representative No. 82
    (x,y,eps) = ( [[0, 1, 2, 3, 4]] [[0, 1, 2, 4, 3]] [1 1 1 0 0] )
    representative No. 91
    (x,y,eps) = ( [[0, 1, 2, 3, 4]] [[0, 1, 2, 4, 3]] [0 0 0 1 1] )
    representative No. 130
    (x,y,eps) = ( [[0, 1, 2, 3, 4]] [[0, 2, 4, 1, 3]] [1 0 0 0 0] )
    representative No. 135
    (x,y,eps) = ( [[0, 1, 2, 3, 4]] [[0, 2, 4, 1, 3]] [1 1 1 1 0] )
    representative No. 440
    (x,y,eps) = ( [[0], [1], [2], [3, 4]] [[0, 1, 3, 2, 4]] [0 0 0 1 0] )
 
 
 
  Component No. 9
  representatives:  [ 11  34  39  97 116 356 362 367 399 408]
  index of VG = 10
  base: (x,y,eps) = ( [[0, 1, 2, 3, 4]] [[0], [1, 2], [3, 4]] [0 0 0 0 0] )
  surface type= ( 3 , 1 )
  Abelian: True
  T = [[11, 34, 97, 116, 39], [356, 362, 367], [399, 408]]
  widths list = [5, 3, 2] 3
  S = [[11, 399], [34, 367], [39, 362], [97, 116], [356, 408]]
  widths list = [2, 2, 2, 2, 2] 5
  TS = [[11, 408, 362], [34, 356, 399], [39, 367, 97], [116]]
  widths list = [3, 3, 3, 1] 4
  genus = 0
  Wolfarht level = 30
    representative No. 11
    (x,y,eps) = ( [[0, 1, 2, 3, 4]] [[0], [1, 2], [3, 4]] [0 0 0 0 0] )
    representative No. 34
    (x,y,eps) = ( [[0, 1, 2, 3, 4]] [[0], [1, 2, 4], [3]] [0 0 0 0 0] )
    representative No. 39
    (x,y,eps) = ( [[0, 1, 2, 3, 4]] [[0], [1, 2, 4], [3]] [0 1 1 0 1] )
    representative No. 97
    (x,y,eps) = ( [[0, 1, 2, 3, 4]] [[0, 1, 3, 4, 2]] [0 0 0 0 0] )
    representative No. 116
    (x,y,eps) = ( [[0, 1, 2, 3, 4]] [[0, 1, 3, 4, 2]] [1 1 1 1 1] )
    representative No. 356
    (x,y,eps) = ( [[0], [1], [2, 3, 4]] [[0, 2], [1, 3], [4]] [0 0 0 0 0] )
    representative No. 362
    (x,y,eps) = ( [[0], [1], [2, 3, 4]] [[0, 2, 1, 3, 4]] [0 0 0 0 0] )
    representative No. 367
    (x,y,eps) = ( [[0], [1], [2, 3, 4]] [[0, 2, 1, 3, 4]] [0 0 1 1 1] )
    representative No. 399
    (x,y,eps) = ( [[0], [1, 2], [3, 4]] [[0, 1, 2, 3, 4]] [0 0 0 0 0] )
    representative No. 408
    (x,y,eps) = ( [[0], [1, 2], [3, 4]] [[0, 1, 3], [2], [4]] [0 0 0 0 0] )
 
 
 
  Component No. 10
  representatives:  [ 12  16  22  30  84  86  87  89 105 108 169 195 201 208 398 400]
  index of VG = 16
  base: (x,y,eps) = ( [[0, 1, 2, 3, 4]] [[0], [1, 2], [3, 4]] [0 1 0 0 0] )
  surface type= ( 3 , 1 )
  Abelian: False
  T = [[12, 16, 84, 86, 22], [30, 87, 108, 105, 89], [169, 195, 208, 201], [398, 400]]
  widths list = [5, 5, 4, 2] 4
  S = [[12, 400], [16, 201], [22, 195], [30, 208], [84, 89], [86, 87], [105, 108], [169, 398]]
  widths list = [2, 2, 2, 2, 2, 2, 2, 2] 8
  TS = [[12, 398, 195], [16, 169, 400], [22, 208, 87], [30, 201, 84], [86, 108, 89], [105]]
  widths list = [3, 3, 3, 3, 3, 1] 6
  genus = 0
  Wolfarht level = 20
    representative No. 12
    (x,y,eps) = ( [[0, 1, 2, 3, 4]] [[0], [1, 2], [3, 4]] [0 1 0 0 0] )
    representative No. 16
    (x,y,eps) = ( [[0, 1, 2, 3, 4]] [[0], [1, 2, 3, 4]] [0 0 1 0 0] )
    representative No. 22
    (x,y,eps) = ( [[0, 1, 2, 3, 4]] [[0], [1, 2, 3, 4]] [0 1 1 0 1] )
    representative No. 30
    (x,y,eps) = ( [[0, 1, 2, 3, 4]] [[0], [1, 2, 4, 3]] [0 0 1 1 0] )
    representative No. 84
    (x,y,eps) = ( [[0, 1, 2, 3, 4]] [[0, 1, 2, 4, 3]] [1 0 0 1 0] )
    representative No. 86
    (x,y,eps) = ( [[0, 1, 2, 3, 4]] [[0, 1, 2, 4, 3]] [1 1 0 1 0] )
    representative No. 87
    (x,y,eps) = ( [[0, 1, 2, 3, 4]] [[0, 1, 2, 4, 3]] [0 0 1 1 0] )
    representative No. 89
    (x,y,eps) = ( [[0, 1, 2, 3, 4]] [[0, 1, 2, 4, 3]] [0 1 1 1 0] )
    representative No. 105
    (x,y,eps) = ( [[0, 1, 2, 3, 4]] [[0, 1, 3, 4, 2]] [1 0 0 1 0] )
    representative No. 108
    (x,y,eps) = ( [[0, 1, 2, 3, 4]] [[0, 1, 3, 4, 2]] [1 0 1 1 0] )
    representative No. 169
    (x,y,eps) = ( [[0], [1, 2, 3, 4]] [[0, 1], [2], [3, 4]] [0 0 0 1 0] )
    representative No. 195
    (x,y,eps) = ( [[0], [1, 2, 3, 4]] [[0, 1, 2, 3, 4]] [0 0 1 0 0] )
    representative No. 201
    (x,y,eps) = ( [[0], [1, 2, 3, 4]] [[0, 1, 2, 3, 4]] [0 1 1 0 1] )
    representative No. 208
    (x,y,eps) = ( [[0], [1, 2, 3, 4]] [[0, 1, 2, 4, 3]] [0 1 0 1 0] )
    representative No. 398
    (x,y,eps) = ( [[0], [1, 2], [3, 4]] [[0, 1, 2, 3], [4]] [0 1 0 0 0] )
    representative No. 400
    (x,y,eps) = ( [[0], [1, 2], [3, 4]] [[0, 1, 2, 3, 4]] [0 1 0 0 0] )
 
 
 
  Component No. 11
  representatives:  [ 13  62  66  72  74 275 287 291 401]
  index of VG = 9
  base: (x,y,eps) = ( [[0, 1, 2, 3, 4]] [[0], [1, 2], [3, 4]] [0 1 0 1 0] )
  surface type= ( 3 , 1 )
  Abelian: False
  T = [[13, 72, 66, 62, 74], [275, 287, 291], [401]]
  widths list = [5, 3, 1] 3
  S = [[13, 401], [62, 291], [66, 287], [72, 74], [275]]
  widths list = [2, 2, 2, 2, 1] 5
  TS = [[13, 401, 72], [62, 275, 287], [66, 291, 74]]
  widths list = [3, 3, 3] 3
  genus = 0
  Wolfarht level = 15
    representative No. 13
    (x,y,eps) = ( [[0, 1, 2, 3, 4]] [[0], [1, 2], [3, 4]] [0 1 0 1 0] )
    representative No. 62
    (x,y,eps) = ( [[0, 1, 2, 3, 4]] [[0, 1], [2, 3, 4]] [1 0 0 1 0] )
    representative No. 66
    (x,y,eps) = ( [[0, 1, 2, 3, 4]] [[0, 1], [2, 3, 4]] [1 0 1 0 1] )
    representative No. 72
    (x,y,eps) = ( [[0, 1, 2, 3, 4]] [[0, 1, 2, 3, 4]] [1 0 1 0 0] )
    representative No. 74
    (x,y,eps) = ( [[0, 1, 2, 3, 4]] [[0, 1, 2, 3, 4]] [1 1 0 1 0] )
    representative No. 275
    (x,y,eps) = ( [[0, 1], [2, 3, 4]] [[0, 1, 2], [3, 4]] [1 0 0 1 0] )
    representative No. 287
    (x,y,eps) = ( [[0, 1], [2, 3, 4]] [[0, 1, 2, 3, 4]] [1 0 0 1 0] )
    representative No. 291
    (x,y,eps) = ( [[0, 1], [2, 3, 4]] [[0, 1, 2, 3, 4]] [1 0 1 0 1] )
    representative No. 401
    (x,y,eps) = ( [[0], [1, 2], [3, 4]] [[0, 1, 2, 3, 4]] [0 1 0 1 0] )
 
 
 
  Component No. 12
  representatives:  [ 17  26  28  35  38  45  51  59  63  80  92  98  99 110 114 171 173 182
 196 205 210 214 215 218 219 224 227 248 251 253 278 284 288 358 364 365]
  index of VG = 36
  base: (x,y,eps) = ( [[0, 1, 2, 3, 4]] [[0], [1, 2, 3, 4]] [0 1 1 0 0] )
  surface type= ( 2 , 3 )
  Abelian: False
  T = [[17, 28, 98, 110, 26], [35, 92, 114, 51, 63], [38, 59, 45, 99, 80], [171, 227, 205, 218], [173, 215, 210, 224], [182, 214, 196, 219], [248, 284, 253, 278, 251, 288], [358, 364, 365]]
  widths list = [5, 5, 5, 4, 4, 4, 6, 3] 8
  S = [[17, 196], [26, 210], [28, 205], [35, 365], [38, 364], [45, 224], [51, 227], [59, 288], [63, 284], [80, 92], [98, 114], [99, 110], [171, 253], [173, 251], [182, 278], [214, 218], [215, 219], [248, 358]]
  widths list = [2, 2, 2, 2, 2, 2, 2, 2, 2, 2, 2, 2, 2, 2, 2, 2, 2, 2] 18
  TS = [[17, 219, 210], [26, 224, 99], [28, 218, 196], [35, 358, 284], [38, 365, 92], [45, 173, 288], [51, 205, 98], [59, 248, 364], [63, 253, 227], [80, 114, 110], [171, 278, 214], [182, 251, 215]]
  widths list = [3, 3, 3, 3, 3, 3, 3, 3, 3, 3, 3, 3] 12
  genus = 0
  Wolfarht level = 60
    representative No. 17
    (x,y,eps) = ( [[0, 1, 2, 3, 4]] [[0], [1, 2, 3, 4]] [0 1 1 0 0] )
    representative No. 26
    (x,y,eps) = ( [[0, 1, 2, 3, 4]] [[0], [1, 2, 4, 3]] [0 0 1 0 0] )
    representative No. 28
    (x,y,eps) = ( [[0, 1, 2, 3, 4]] [[0], [1, 2, 4, 3]] [0 0 0 1 0] )
    representative No. 35
    (x,y,eps) = ( [[0, 1, 2, 3, 4]] [[0], [1, 2, 4], [3]] [0 1 0 0 0] )
    representative No. 38
    (x,y,eps) = ( [[0, 1, 2, 3, 4]] [[0], [1, 2, 4], [3]] [0 1 0 0 1] )
    representative No. 45
    (x,y,eps) = ( [[0, 1, 2, 3, 4]] [[0], [1, 3, 2, 4]] [0 0 1 0 0] )
    representative No. 51
    (x,y,eps) = ( [[0, 1, 2, 3, 4]] [[0], [1, 3, 2, 4]] [0 1 1 0 1] )
    representative No. 59
    (x,y,eps) = ( [[0, 1, 2, 3, 4]] [[0, 1], [2, 3, 4]] [0 0 1 0 0] )
    representative No. 63
    (x,y,eps) = ( [[0, 1, 2, 3, 4]] [[0, 1], [2, 3, 4]] [0 0 1 1 0] )
    representative No. 80
    (x,y,eps) = ( [[0, 1, 2, 3, 4]] [[0, 1, 2, 4, 3]] [1 1 0 0 0] )
    representative No. 92
    (x,y,eps) = ( [[0, 1, 2, 3, 4]] [[0, 1, 2, 4, 3]] [1 0 0 1 1] )
    representative No. 98
    (x,y,eps) = ( [[0, 1, 2, 3, 4]] [[0, 1, 3, 4, 2]] [1 0 0 0 0] )
    representative No. 99
    (x,y,eps) = ( [[0, 1, 2, 3, 4]] [[0, 1, 3, 4, 2]] [0 1 0 0 0] )
    representative No. 110
    (x,y,eps) = ( [[0, 1, 2, 3, 4]] [[0, 1, 3, 4, 2]] [1 1 1 1 0] )
    representative No. 114
    (x,y,eps) = ( [[0, 1, 2, 3, 4]] [[0, 1, 3, 4, 2]] [1 1 1 0 1] )
    representative No. 171
    (x,y,eps) = ( [[0], [1, 2, 3, 4]] [[0, 1], [2, 3, 4]] [0 0 1 0 0] )
    representative No. 173
    (x,y,eps) = ( [[0], [1, 2, 3, 4]] [[0, 1], [2, 3, 4]] [0 0 1 1 0] )
    representative No. 182
    (x,y,eps) = ( [[0], [1, 2, 3, 4]] [[0, 1, 2], [3, 4]] [0 1 0 0 0] )
    representative No. 196
    (x,y,eps) = ( [[0], [1, 2, 3, 4]] [[0, 1, 2, 3, 4]] [0 1 1 0 0] )
    representative No. 205
    (x,y,eps) = ( [[0], [1, 2, 3, 4]] [[0, 1, 2, 4, 3]] [0 0 1 0 0] )
    representative No. 210
    (x,y,eps) = ( [[0], [1, 2, 3, 4]] [[0, 1, 2, 4, 3]] [0 0 0 0 1] )
    representative No. 214
    (x,y,eps) = ( [[0], [1, 2, 3, 4]] [[0, 1, 2, 4], [3]] [0 1 0 0 0] )
    representative No. 215
    (x,y,eps) = ( [[0], [1, 2, 3, 4]] [[0, 1, 2, 4], [3]] [0 0 1 0 0] )
    representative No. 218
    (x,y,eps) = ( [[0], [1, 2, 3, 4]] [[0, 1, 2, 4], [3]] [0 1 0 0 1] )
    representative No. 219
    (x,y,eps) = ( [[0], [1, 2, 3, 4]] [[0, 1, 2, 4], [3]] [0 0 1 0 1] )
    representative No. 224
    (x,y,eps) = ( [[0], [1, 2, 3, 4]] [[0, 1, 3, 4, 2]] [0 0 0 1 0] )
    representative No. 227
    (x,y,eps) = ( [[0], [1, 2, 3, 4]] [[0, 1, 3, 4, 2]] [0 1 1 1 0] )
    representative No. 248
    (x,y,eps) = ( [[0, 1], [2, 3, 4]] [[0], [1, 2, 3], [4]] [0 0 1 0 0] )
    representative No. 251
    (x,y,eps) = ( [[0, 1], [2, 3, 4]] [[0], [1, 2, 3, 4]] [0 0 1 0 0] )
    representative No. 253
    (x,y,eps) = ( [[0, 1], [2, 3, 4]] [[0], [1, 2, 3, 4]] [0 0 1 1 0] )
    representative No. 278
    (x,y,eps) = ( [[0, 1], [2, 3, 4]] [[0, 1, 2, 3], [4]] [0 0 1 0 0] )
    representative No. 284
    (x,y,eps) = ( [[0, 1], [2, 3, 4]] [[0, 1, 2, 3, 4]] [0 0 1 0 0] )
    representative No. 288
    (x,y,eps) = ( [[0, 1], [2, 3, 4]] [[0, 1, 2, 3, 4]] [0 0 1 1 0] )
    representative No. 358
    (x,y,eps) = ( [[0], [1], [2, 3, 4]] [[0, 2], [1, 3, 4]] [0 0 0 1 0] )
    representative No. 364
    (x,y,eps) = ( [[0], [1], [2, 3, 4]] [[0, 2, 1, 3, 4]] [0 0 0 1 0] )
    representative No. 365
    (x,y,eps) = ( [[0], [1], [2, 3, 4]] [[0, 2, 1, 3, 4]] [0 0 1 1 0] )
 
 
 
  Component No. 13
  representatives:  [ 18  60  64  85  88 185 197 279 285 289]
  index of VG = 10
  base: (x,y,eps) = ( [[0, 1, 2, 3, 4]] [[0], [1, 2, 3, 4]] [0 1 0 1 0] )
  surface type= ( 2 , 3 )
  Abelian: False
  T = [[18, 60, 85, 88, 64], [185, 197], [279, 285, 289]]
  widths list = [5, 2, 3] 3
  S = [[18, 197], [60, 289], [64, 285], [85, 88], [185, 279]]
  widths list = [2, 2, 2, 2, 2] 5
  TS = [[18, 185, 285], [60, 279, 197], [64, 289, 85], [88]]
  widths list = [3, 3, 3, 1] 4
  genus = 0
  Wolfarht level = 30
    representative No. 18
    (x,y,eps) = ( [[0, 1, 2, 3, 4]] [[0], [1, 2, 3, 4]] [0 1 0 1 0] )
    representative No. 60
    (x,y,eps) = ( [[0, 1, 2, 3, 4]] [[0, 1], [2, 3, 4]] [1 0 1 0 0] )
    representative No. 64
    (x,y,eps) = ( [[0, 1, 2, 3, 4]] [[0, 1], [2, 3, 4]] [1 0 1 1 0] )
    representative No. 85
    (x,y,eps) = ( [[0, 1, 2, 3, 4]] [[0, 1, 2, 4, 3]] [0 1 0 1 0] )
    representative No. 88
    (x,y,eps) = ( [[0, 1, 2, 3, 4]] [[0, 1, 2, 4, 3]] [1 0 1 1 0] )
    representative No. 185
    (x,y,eps) = ( [[0], [1, 2, 3, 4]] [[0, 1, 2], [3, 4]] [0 1 0 1 0] )
    representative No. 197
    (x,y,eps) = ( [[0], [1, 2, 3, 4]] [[0, 1, 2, 3, 4]] [0 1 0 1 0] )
    representative No. 279
    (x,y,eps) = ( [[0, 1], [2, 3, 4]] [[0, 1, 2, 3], [4]] [1 0 1 0 0] )
    representative No. 285
    (x,y,eps) = ( [[0, 1], [2, 3, 4]] [[0, 1, 2, 3, 4]] [1 0 1 0 0] )
    representative No. 289
    (x,y,eps) = ( [[0, 1], [2, 3, 4]] [[0, 1, 2, 3, 4]] [1 0 1 1 0] )
 
 
 
  Component No. 14
  representatives:  [ 19  21  55  61  65 172 174 184 186 189 191 198 200 246 252 254 273 274
 277 281 286 290 390 406]
  index of VG = 24
  base: (x,y,eps) = ( [[0, 1, 2, 3, 4]] [[0], [1, 2, 3, 4]] [0 0 1 1 0] )
  surface type= ( 2 , 3 )
  Abelian: False
  T = [[19, 21, 65, 55, 61], [172, 198, 191, 184], [174, 186, 189, 200], [246, 286, 254, 274, 252, 290], [273, 281, 277], [390, 406]]
  widths list = [5, 4, 4, 6, 3, 2] 6
  S = [[19, 200], [21, 198], [55, 406], [61, 290], [65, 286], [172, 254], [174, 252], [184, 281], [186, 277], [189, 191], [246, 390], [273, 274]]
  widths list = [2, 2, 2, 2, 2, 2, 2, 2, 2, 2, 2, 2] 12
  TS = [[19, 174, 290], [21, 191, 200], [55, 390, 286], [61, 246, 406], [65, 254, 198], [172, 274, 281], [184, 277, 189], [186, 273, 252]]
  widths list = [3, 3, 3, 3, 3, 3, 3, 3] 8
  genus = 0
  Wolfarht level = 60
    representative No. 19
    (x,y,eps) = ( [[0, 1, 2, 3, 4]] [[0], [1, 2, 3, 4]] [0 0 1 1 0] )
    representative No. 21
    (x,y,eps) = ( [[0, 1, 2, 3, 4]] [[0], [1, 2, 3, 4]] [0 1 0 0 1] )
    representative No. 55
    (x,y,eps) = ( [[0, 1, 2, 3, 4]] [[0], [1, 4], [2, 3]] [0 0 1 0 0] )
    representative No. 61
    (x,y,eps) = ( [[0, 1, 2, 3, 4]] [[0, 1], [2, 3, 4]] [0 0 0 1 0] )
    representative No. 65
    (x,y,eps) = ( [[0, 1, 2, 3, 4]] [[0, 1], [2, 3, 4]] [0 0 1 0 1] )
    representative No. 172
    (x,y,eps) = ( [[0], [1, 2, 3, 4]] [[0, 1], [2, 3, 4]] [0 0 0 1 0] )
    representative No. 174
    (x,y,eps) = ( [[0], [1, 2, 3, 4]] [[0, 1], [2, 3, 4]] [0 0 1 0 1] )
    representative No. 184
    (x,y,eps) = ( [[0], [1, 2, 3, 4]] [[0, 1, 2], [3, 4]] [0 0 0 1 0] )
    representative No. 186
    (x,y,eps) = ( [[0], [1, 2, 3, 4]] [[0, 1, 2], [3, 4]] [0 1 1 1 0] )
    representative No. 189
    (x,y,eps) = ( [[0], [1, 2, 3, 4]] [[0, 1, 2, 3], [4]] [0 0 1 0 0] )
    representative No. 191
    (x,y,eps) = ( [[0], [1, 2, 3, 4]] [[0, 1, 2, 3], [4]] [0 1 0 1 0] )
    representative No. 198
    (x,y,eps) = ( [[0], [1, 2, 3, 4]] [[0, 1, 2, 3, 4]] [0 0 1 1 0] )
    representative No. 200
    (x,y,eps) = ( [[0], [1, 2, 3, 4]] [[0, 1, 2, 3, 4]] [0 1 0 0 1] )
    representative No. 246
    (x,y,eps) = ( [[0, 1], [2, 3, 4]] [[0], [1, 2], [3, 4]] [0 0 0 1 0] )
    representative No. 252
    (x,y,eps) = ( [[0, 1], [2, 3, 4]] [[0], [1, 2, 3, 4]] [0 0 0 1 0] )
    representative No. 254
    (x,y,eps) = ( [[0, 1], [2, 3, 4]] [[0], [1, 2, 3, 4]] [0 0 1 0 1] )
    representative No. 273
    (x,y,eps) = ( [[0, 1], [2, 3, 4]] [[0, 1, 2], [3, 4]] [1 0 0 0 0] )
    representative No. 274
    (x,y,eps) = ( [[0, 1], [2, 3, 4]] [[0, 1, 2], [3, 4]] [0 0 0 1 0] )
    representative No. 277
    (x,y,eps) = ( [[0, 1], [2, 3, 4]] [[0, 1, 2, 3], [4]] [1 0 0 0 0] )
    representative No. 281
    (x,y,eps) = ( [[0, 1], [2, 3, 4]] [[0, 1, 2, 3], [4]] [1 0 1 1 0] )
    representative No. 286
    (x,y,eps) = ( [[0, 1], [2, 3, 4]] [[0, 1, 2, 3, 4]] [0 0 0 1 0] )
    representative No. 290
    (x,y,eps) = ( [[0, 1], [2, 3, 4]] [[0, 1, 2, 3, 4]] [0 0 1 0 1] )
    representative No. 390
    (x,y,eps) = ( [[0], [1, 2], [3, 4]] [[0, 1], [2, 3, 4]] [0 0 0 1 0] )
    representative No. 406
    (x,y,eps) = ( [[0], [1, 2], [3, 4]] [[0, 1, 3, 4, 2]] [0 0 0 1 0] )
 
 
 
  Component No. 15
  representatives:  [ 24 168 203 213 220 397]
  index of VG = 6
  base: (x,y,eps) = ( [[0, 1, 2, 3, 4]] [[0], [1, 2, 4, 3]] [0 0 0 0 0] )
  surface type= ( 3 , 1 )
  Abelian: True
  T = [[24], [168, 213, 203, 220], [397]]
  widths list = [1, 4, 1] 3
  S = [[24, 203], [168, 397], [213, 220]]
  widths list = [2, 2, 2] 3
  TS = [[24, 220, 203], [168, 397, 213]]
  widths list = [3, 3] 2
  genus = 0
  Wolfarht level = 4
    representative No. 24
    (x,y,eps) = ( [[0, 1, 2, 3, 4]] [[0], [1, 2, 4, 3]] [0 0 0 0 0] )
    representative No. 168
    (x,y,eps) = ( [[0], [1, 2, 3, 4]] [[0, 1], [2], [3, 4]] [0 0 0 0 0] )
    representative No. 203
    (x,y,eps) = ( [[0], [1, 2, 3, 4]] [[0, 1, 2, 4, 3]] [0 0 0 0 0] )
    representative No. 213
    (x,y,eps) = ( [[0], [1, 2, 3, 4]] [[0, 1, 2, 4], [3]] [0 0 0 0 0] )
    representative No. 220
    (x,y,eps) = ( [[0], [1, 2, 3, 4]] [[0, 1, 2, 4], [3]] [0 1 1 0 1] )
    representative No. 397
    (x,y,eps) = ( [[0], [1, 2], [3, 4]] [[0, 1, 2, 3], [4]] [0 0 0 0 0] )
 
 
 
  Component No. 16
  representatives:  [ 25  31  47  78  94 188 190 204 207 226]
  index of VG = 10
  base: (x,y,eps) = ( [[0, 1, 2, 3, 4]] [[0], [1, 2, 4, 3]] [0 1 0 0 0] )
  surface type= ( 3 , 1 )
  Abelian: False
  T = [[25, 31, 78, 47, 94], [188, 207, 204, 190], [226]]
  widths list = [5, 4, 1] 3
  S = [[25, 207], [31, 204], [47, 226], [78, 94], [188, 190]]
  widths list = [2, 2, 2, 2, 2] 5
  TS = [[25, 204, 78], [31, 190, 207], [47, 226, 94], [188]]
  widths list = [3, 3, 3, 1] 4
  genus = 0
  Wolfarht level = 20
    representative No. 25
    (x,y,eps) = ( [[0, 1, 2, 3, 4]] [[0], [1, 2, 4, 3]] [0 1 0 0 0] )
    representative No. 31
    (x,y,eps) = ( [[0, 1, 2, 3, 4]] [[0], [1, 2, 4, 3]] [0 0 0 0 1] )
    representative No. 47
    (x,y,eps) = ( [[0, 1, 2, 3, 4]] [[0], [1, 3, 2, 4]] [0 1 0 1 0] )
    representative No. 78
    (x,y,eps) = ( [[0, 1, 2, 3, 4]] [[0, 1, 2, 4, 3]] [1 0 0 0 0] )
    representative No. 94
    (x,y,eps) = ( [[0, 1, 2, 3, 4]] [[0, 1, 2, 4, 3]] [1 1 0 1 1] )
    representative No. 188
    (x,y,eps) = ( [[0], [1, 2, 3, 4]] [[0, 1, 2, 3], [4]] [0 1 0 0 0] )
    representative No. 190
    (x,y,eps) = ( [[0], [1, 2, 3, 4]] [[0, 1, 2, 3], [4]] [0 1 1 0 0] )
    representative No. 204
    (x,y,eps) = ( [[0], [1, 2, 3, 4]] [[0, 1, 2, 4, 3]] [0 1 0 0 0] )
    representative No. 207
    (x,y,eps) = ( [[0], [1, 2, 3, 4]] [[0, 1, 2, 4, 3]] [0 0 0 1 0] )
    representative No. 226
    (x,y,eps) = ( [[0], [1, 2, 3, 4]] [[0, 1, 3, 4, 2]] [0 0 1 1 0] )
 
 
 
  Component No. 17
  representatives:  [ 27  33  36  37  42 101 115 120 122 126 128 131 132 133 134 206 212 232
 234 295 304 307 309 315 317 361 363 366 410 413]
  index of VG = 30
  base: (x,y,eps) = ( [[0, 1, 2, 3, 4]] [[0], [1, 2, 4, 3]] [0 1 1 0 0] )
  surface type= ( 3 , 1 )
  Abelian: False
  T = [[27, 37, 101, 132, 128], [33, 120, 134, 115, 36], [42, 126, 131, 133, 122], [206, 232, 212, 234], [295, 309, 317, 304, 307, 315], [361, 363, 366], [410, 413]]
  widths list = [5, 5, 5, 4, 6, 3, 2] 7
  S = [[27, 212], [33, 206], [36, 363], [37, 366], [42, 413], [101, 115], [120, 317], [122, 309], [126, 315], [128, 307], [131, 132], [133, 134], [232, 361], [234, 304], [295, 410]]
  widths list = [2, 2, 2, 2, 2, 2, 2, 2, 2, 2, 2, 2, 2, 2, 2] 15
  TS = [[27, 234, 307], [33, 232, 363], [36, 366, 101], [37, 361, 212], [42, 410, 309], [115, 132, 133], [120, 304, 206], [122, 317, 134], [126, 295, 413], [128, 315, 131]]
  widths list = [3, 3, 3, 3, 3, 3, 3, 3, 3, 3] 10
  genus = 0
  Wolfarht level = 60
    representative No. 27
    (x,y,eps) = ( [[0, 1, 2, 3, 4]] [[0], [1, 2, 4, 3]] [0 1 1 0 0] )
    representative No. 33
    (x,y,eps) = ( [[0, 1, 2, 3, 4]] [[0], [1, 2, 4, 3]] [0 0 0 1 1] )
    representative No. 36
    (x,y,eps) = ( [[0, 1, 2, 3, 4]] [[0], [1, 2, 4], [3]] [0 1 1 0 0] )
    representative No. 37
    (x,y,eps) = ( [[0, 1, 2, 3, 4]] [[0], [1, 2, 4], [3]] [0 0 0 0 1] )
    representative No. 42
    (x,y,eps) = ( [[0, 1, 2, 3, 4]] [[0], [1, 3], [2, 4]] [0 1 1 0 0] )
    representative No. 101
    (x,y,eps) = ( [[0, 1, 2, 3, 4]] [[0, 1, 3, 4, 2]] [0 0 1 0 0] )
    representative No. 115
    (x,y,eps) = ( [[0, 1, 2, 3, 4]] [[0, 1, 3, 4, 2]] [1 1 0 1 1] )
    representative No. 120
    (x,y,eps) = ( [[0, 1, 2, 3, 4]] [[0, 1, 3], [2, 4]] [0 0 1 0 0] )
    representative No. 122
    (x,y,eps) = ( [[0, 1, 2, 3, 4]] [[0, 1, 3], [2, 4]] [1 1 1 0 0] )
    representative No. 126
    (x,y,eps) = ( [[0, 1, 2, 3, 4]] [[0, 1, 3], [2, 4]] [0 0 1 1 0] )
    representative No. 128
    (x,y,eps) = ( [[0, 1, 2, 3, 4]] [[0, 1, 3], [2, 4]] [1 1 1 1 0] )
    representative No. 131
    (x,y,eps) = ( [[0, 1, 2, 3, 4]] [[0, 2, 4, 1, 3]] [1 1 0 0 0] )
    representative No. 132
    (x,y,eps) = ( [[0, 1, 2, 3, 4]] [[0, 2, 4, 1, 3]] [1 0 1 0 0] )
    representative No. 133
    (x,y,eps) = ( [[0, 1, 2, 3, 4]] [[0, 2, 4, 1, 3]] [1 1 1 0 0] )
    representative No. 134
    (x,y,eps) = ( [[0, 1, 2, 3, 4]] [[0, 2, 4, 1, 3]] [1 1 0 1 0] )
    representative No. 206
    (x,y,eps) = ( [[0], [1, 2, 3, 4]] [[0, 1, 2, 4, 3]] [0 1 1 0 0] )
    representative No. 212
    (x,y,eps) = ( [[0], [1, 2, 3, 4]] [[0, 1, 2, 4, 3]] [0 0 0 1 1] )
    representative No. 232
    (x,y,eps) = ( [[0], [1, 2, 3, 4]] [[0, 1, 3], [2], [4]] [0 1 0 0 0] )
    representative No. 234
    (x,y,eps) = ( [[0], [1, 2, 3, 4]] [[0, 1, 3], [2, 4]] [0 1 0 0 0] )
    representative No. 295
    (x,y,eps) = ( [[0, 1], [2, 3, 4]] [[0, 2], [1, 3], [4]] [1 0 0 0 0] )
    representative No. 304
    (x,y,eps) = ( [[0, 1], [2, 3, 4]] [[0, 2, 1, 3], [4]] [0 0 1 0 0] )
    representative No. 307
    (x,y,eps) = ( [[0, 1], [2, 3, 4]] [[0, 2, 1, 3, 4]] [1 0 0 0 0] )
    representative No. 309
    (x,y,eps) = ( [[0, 1], [2, 3, 4]] [[0, 2, 1, 3, 4]] [1 0 1 0 0] )
    representative No. 315
    (x,y,eps) = ( [[0, 1], [2, 3, 4]] [[0, 2, 1, 3, 4]] [1 0 0 1 1] )
    representative No. 317
    (x,y,eps) = ( [[0, 1], [2, 3, 4]] [[0, 2, 1, 3, 4]] [1 0 1 1 1] )
    representative No. 361
    (x,y,eps) = ( [[0], [1], [2, 3, 4]] [[0, 2, 1, 3], [4]] [0 0 1 0 0] )
    representative No. 363
    (x,y,eps) = ( [[0], [1], [2, 3, 4]] [[0, 2, 1, 3, 4]] [0 0 1 0 0] )
    representative No. 366
    (x,y,eps) = ( [[0], [1], [2, 3, 4]] [[0, 2, 1, 3, 4]] [0 0 0 1 1] )
    representative No. 410
    (x,y,eps) = ( [[0], [1, 2], [3, 4]] [[0, 1, 3], [2, 4]] [0 1 0 0 0] )
    representative No. 413
    (x,y,eps) = ( [[0], [1, 2], [3, 4]] [[0, 1, 3, 2, 4]] [0 1 0 1 0] )
 
 
 
  Component No. 18
  representatives:  [ 41  44  49 100 104 216 217 222 229 412]
  index of VG = 10
  base: (x,y,eps) = ( [[0, 1, 2, 3, 4]] [[0], [1, 3], [2, 4]] [0 1 0 0 0] )
  surface type= ( 2 , 3 )
  Abelian: False
  T = [[41, 100, 44, 49, 104], [216, 217, 222, 229], [412]]
  widths list = [5, 4, 1] 3
  S = [[41, 412], [44, 222], [49, 229], [100, 104], [216, 217]]
  widths list = [2, 2, 2, 2, 2] 5
  TS = [[41, 412, 100], [44, 229, 104], [49, 216, 222], [217]]
  widths list = [3, 3, 3, 1] 4
  genus = 0
  Wolfarht level = 20
    representative No. 41
    (x,y,eps) = ( [[0, 1, 2, 3, 4]] [[0], [1, 3], [2, 4]] [0 1 0 0 0] )
    representative No. 44
    (x,y,eps) = ( [[0, 1, 2, 3, 4]] [[0], [1, 3, 2, 4]] [0 1 0 0 0] )
    representative No. 49
    (x,y,eps) = ( [[0, 1, 2, 3, 4]] [[0], [1, 3, 2, 4]] [0 1 1 1 0] )
    representative No. 100
    (x,y,eps) = ( [[0, 1, 2, 3, 4]] [[0, 1, 3, 4, 2]] [1 1 0 0 0] )
    representative No. 104
    (x,y,eps) = ( [[0, 1, 2, 3, 4]] [[0, 1, 3, 4, 2]] [1 1 1 0 0] )
    representative No. 216
    (x,y,eps) = ( [[0], [1, 2, 3, 4]] [[0, 1, 2, 4], [3]] [0 1 1 0 0] )
    representative No. 217
    (x,y,eps) = ( [[0], [1, 2, 3, 4]] [[0, 1, 2, 4], [3]] [0 0 0 0 1] )
    representative No. 222
    (x,y,eps) = ( [[0], [1, 2, 3, 4]] [[0, 1, 3, 4, 2]] [0 1 0 0 0] )
    representative No. 229
    (x,y,eps) = ( [[0], [1, 2, 3, 4]] [[0, 1, 3, 4, 2]] [0 1 0 1 1] )
    representative No. 412
    (x,y,eps) = ( [[0], [1, 2], [3, 4]] [[0, 1, 3, 2, 4]] [0 1 0 0 0] )
 
 
 
  Component No. 19
  representatives:  [ 48  50  54 119 123 177 223 228 235 236 297 300 303 305 308 314 403 405]
  index of VG = 18
  base: (x,y,eps) = ( [[0, 1, 2, 3, 4]] [[0], [1, 3, 2, 4]] [0 0 1 1 0] )
  surface type= ( 2 , 3 )
  Abelian: False
  T = [[48, 123, 119, 50, 54], [177, 223, 235, 228], [236], [297, 314, 303, 308, 300, 305], [403, 405]]
  widths list = [5, 4, 1, 6, 2] 5
  S = [[48, 228], [50, 223], [54, 405], [119, 308], [123, 314], [177, 403], [235, 303], [236, 305], [297, 300]]
  widths list = [2, 2, 2, 2, 2, 2, 2, 2, 2] 9
  TS = [[48, 177, 405], [50, 235, 308], [54, 403, 223], [119, 300, 314], [123, 303, 228], [236, 297, 305]]
  widths list = [3, 3, 3, 3, 3, 3] 6
  genus = 0
  Wolfarht level = 60
    representative No. 48
    (x,y,eps) = ( [[0, 1, 2, 3, 4]] [[0], [1, 3, 2, 4]] [0 0 1 1 0] )
    representative No. 50
    (x,y,eps) = ( [[0, 1, 2, 3, 4]] [[0], [1, 3, 2, 4]] [0 1 0 0 1] )
    representative No. 54
    (x,y,eps) = ( [[0, 1, 2, 3, 4]] [[0], [1, 4], [2, 3]] [0 1 0 0 0] )
    representative No. 119
    (x,y,eps) = ( [[0, 1, 2, 3, 4]] [[0, 1, 3], [2, 4]] [1 1 0 0 0] )
    representative No. 123
    (x,y,eps) = ( [[0, 1, 2, 3, 4]] [[0, 1, 3], [2, 4]] [0 0 0 1 0] )
    representative No. 177
    (x,y,eps) = ( [[0], [1, 2, 3, 4]] [[0, 1], [2, 4], [3]] [0 0 1 0 0] )
    representative No. 223
    (x,y,eps) = ( [[0], [1, 2, 3, 4]] [[0, 1, 3, 4, 2]] [0 1 1 0 0] )
    representative No. 228
    (x,y,eps) = ( [[0], [1, 2, 3, 4]] [[0, 1, 3, 4, 2]] [0 0 0 1 1] )
    representative No. 235
    (x,y,eps) = ( [[0], [1, 2, 3, 4]] [[0, 1, 3], [2, 4]] [0 0 1 0 0] )
    representative No. 236
    (x,y,eps) = ( [[0], [1, 2, 3, 4]] [[0, 1, 3], [2, 4]] [0 1 1 0 0] )
    representative No. 297
    (x,y,eps) = ( [[0, 1], [2, 3, 4]] [[0, 2], [1, 3, 4]] [1 0 0 0 0] )
    representative No. 300
    (x,y,eps) = ( [[0, 1], [2, 3, 4]] [[0, 2], [1, 3, 4]] [0 0 0 1 1] )
    representative No. 303
    (x,y,eps) = ( [[0, 1], [2, 3, 4]] [[0, 2, 1, 3], [4]] [1 0 0 0 0] )
    representative No. 305
    (x,y,eps) = ( [[0, 1], [2, 3, 4]] [[0, 2, 1, 3], [4]] [1 0 1 0 0] )
    representative No. 308
    (x,y,eps) = ( [[0, 1], [2, 3, 4]] [[0, 2, 1, 3, 4]] [0 0 1 0 0] )
    representative No. 314
    (x,y,eps) = ( [[0, 1], [2, 3, 4]] [[0, 2, 1, 3, 4]] [0 0 0 1 1] )
    representative No. 403
    (x,y,eps) = ( [[0], [1, 2], [3, 4]] [[0, 1, 3, 2], [4]] [0 1 0 0 0] )
    representative No. 405
    (x,y,eps) = ( [[0], [1, 2], [3, 4]] [[0, 1, 3, 4, 2]] [0 1 0 0 0] )
 
 
 
  Component No. 20
  representatives:  [ 53 388 404]
  index of VG = 3
  base: (x,y,eps) = ( [[0, 1, 2, 3, 4]] [[0], [1, 4], [2, 3]] [0 0 0 0 0] )
  surface type= ( 3 , 1 )
  Abelian: True
  T = [[53], [388, 404]]
  widths list = [1, 2] 2
  S = [[53, 404], [388]]
  widths list = [2, 1] 2
  TS = [[53, 388, 404]]
  widths list = [3] 1
  genus = 0
  Wolfarht level = 2
    representative No. 53
    (x,y,eps) = ( [[0, 1, 2, 3, 4]] [[0], [1, 4], [2, 3]] [0 0 0 0 0] )
    representative No. 388
    (x,y,eps) = ( [[0], [1, 2], [3, 4]] [[0, 1], [2, 3], [4]] [0 0 0 0 0] )
    representative No. 404
    (x,y,eps) = ( [[0], [1, 2], [3, 4]] [[0, 1, 3, 4, 2]] [0 0 0 0 0] )
 
 
 
  Component No. 21
  representatives:  [176 181 183 231 245 247 249 272 276 280 357 359 360 389 402]
  index of VG = 15
  base: (x,y,eps) = ( [[0], [1, 2, 3, 4]] [[0, 1], [2, 4], [3]] [0 0 0 0 0] )
  surface type= ( 3 , 1 )
  Abelian: True
  T = [[176, 183, 231, 181], [245, 280, 247, 272, 249, 276], [357, 359, 360], [389, 402]]
  widths list = [4, 6, 3, 2] 4
  S = [[176, 402], [181, 280], [183, 276], [231, 360], [245, 389], [247, 359], [249, 357], [272]]
  widths list = [2, 2, 2, 2, 2, 2, 2, 1] 8
  TS = [[176, 389, 280], [181, 247, 360], [183, 245, 402], [231, 357, 276], [249, 359, 272]]
  widths list = [3, 3, 3, 3, 3] 5
  genus = 0
  Wolfarht level = 12
    representative No. 176
    (x,y,eps) = ( [[0], [1, 2, 3, 4]] [[0, 1], [2, 4], [3]] [0 0 0 0 0] )
    representative No. 181
    (x,y,eps) = ( [[0], [1, 2, 3, 4]] [[0, 1, 2], [3, 4]] [0 0 0 0 0] )
    representative No. 183
    (x,y,eps) = ( [[0], [1, 2, 3, 4]] [[0, 1, 2], [3, 4]] [0 1 1 0 0] )
    representative No. 231
    (x,y,eps) = ( [[0], [1, 2, 3, 4]] [[0, 1, 3], [2], [4]] [0 0 0 0 0] )
    representative No. 245
    (x,y,eps) = ( [[0, 1], [2, 3, 4]] [[0], [1, 2], [3, 4]] [0 0 0 0 0] )
    representative No. 247
    (x,y,eps) = ( [[0, 1], [2, 3, 4]] [[0], [1, 2, 3], [4]] [0 0 0 0 0] )
    representative No. 249
    (x,y,eps) = ( [[0, 1], [2, 3, 4]] [[0], [1, 2, 3], [4]] [0 0 1 1 0] )
    representative No. 272
    (x,y,eps) = ( [[0, 1], [2, 3, 4]] [[0, 1, 2], [3, 4]] [0 0 0 0 0] )
    representative No. 276
    (x,y,eps) = ( [[0, 1], [2, 3, 4]] [[0, 1, 2, 3], [4]] [0 0 0 0 0] )
    representative No. 280
    (x,y,eps) = ( [[0, 1], [2, 3, 4]] [[0, 1, 2, 3], [4]] [0 0 1 1 0] )
    representative No. 357
    (x,y,eps) = ( [[0], [1], [2, 3, 4]] [[0, 2], [1, 3, 4]] [0 0 0 0 0] )
    representative No. 359
    (x,y,eps) = ( [[0], [1], [2, 3, 4]] [[0, 2], [1, 3, 4]] [0 0 0 1 1] )
    representative No. 360
    (x,y,eps) = ( [[0], [1], [2, 3, 4]] [[0, 2, 1, 3], [4]] [0 0 0 0 0] )
    representative No. 389
    (x,y,eps) = ( [[0], [1, 2], [3, 4]] [[0, 1], [2, 3, 4]] [0 0 0 0 0] )
    representative No. 402
    (x,y,eps) = ( [[0], [1, 2], [3, 4]] [[0, 1, 3, 2], [4]] [0 0 0 0 0] )
 
 
 
