#d = 6
  Component No. 1
  representatives:  [   0  527  539 1004 1016 1061 2472 2483 2495 3252 3256 3579]
  index of VG = 12
  base: (x,y,eps) = ( [[0, 1, 2, 3, 4, 5]] [[0], [1], [2], [3], [4], [5]] [0 0 0 0 0 0] )
  stratum: A_ 1 [0, 0, 0, 0, 0, 0]
  widths list of T = [6, 3, 2, 1] 4
  widths list of S = [2, 2, 2, 2, 2, 2] 6
  widths list of TS = [3, 3, 3, 3] 4
  genus = 0
  Wolfarht level = 6
 
 
 
  Component No. 2
  representatives:  [   1    3    8   14   23   84  103  298  317  540  575  640  657  760
  795  930  965 1023 1202 1332 1351 1705 1724 2085 2113 2135 2188 2626
 2652 2661 2692 3341 3347 3352 3560 3561]
  index of VG = 36
  base: (x,y,eps) = ( [[0, 1, 2, 3, 4, 5]] [[0], [1], [2], [3], [4, 5]] [0 0 0 0 0 0] )
  stratum: A_ 2 [0, 0, 0, 4]
  widths list of T = [6, 6, 6, 5, 4, 4, 3, 2] 8
  widths list of S = [2, 2, 2, 2, 2, 2, 2, 2, 2, 2, 2, 2, 2, 2, 2, 2, 2, 2] 18
  widths list of TS = [3, 3, 3, 3, 3, 3, 3, 3, 3, 3, 3, 3] 12
  genus = 0
  Wolfarht level = 60
 
 
 
  Component No. 3
  representatives:  [   2  528  538  707  719  841  892  912  973 2208 2255 3562]
  index of VG = 12
  base: (x,y,eps) = ( [[0, 1, 2, 3, 4, 5]] [[0], [1], [2], [3], [4, 5]] [0 0 0 0 1 0] )
  stratum: Q_ 1 [-1, -1, 0, 0, 0, 2]
  widths list of T = [6, 3, 2, 1] 4
  widths list of S = [2, 2, 2, 2, 2, 2] 6
  widths list of TS = [3, 3, 3, 3] 4
  genus = 0
  Wolfarht level = 6
 
 
 
  Component No. 4
  representatives:  [   4    6   15   20   48   85   97  357  374  550  565  599  600  615
  616  698  706  761  765  777  784  794  808  890  905  931  938  942
  960  964 1268 1333 1345 1620 1631 2638 2653 2658 2684 3345 3348 3350]
  index of VG = 42
  base: (x,y,eps) = ( [[0, 1, 2, 3, 4, 5]] [[0], [1], [2], [3, 4, 5]] [0 0 0 1 0 0] )
  stratum: Q_ 2 [-1, 0, 0, 5]
  widths list of T = [6, 6, 6, 6, 6, 5, 4, 3] 8
  widths list of S = [2, 2, 2, 2, 2, 2, 2, 2, 2, 2, 2, 2, 2, 2, 2, 2, 2, 2, 2, 1, 2, 1] 22
  widths list of TS = [3, 3, 3, 3, 3, 3, 3, 3, 3, 3, 3, 3, 3, 3] 14
  genus = 0
  Wolfarht level = 60
 
 
 
  Component No. 5
  representatives:  [   5    7  157  164  391  398  432  450  500  529  534  642  656  842
  918  920  926  927 1266 1543 1555 1599 1604 1898 1950 1968 2030 2093
 2121 2131 2257 3202 3239 3343 3349 3351]
  index of VG = 36
  base: (x,y,eps) = ( [[0, 1, 2, 3, 4, 5]] [[0], [1], [2], [3, 4, 5]] [0 0 0 0 1 0] )
  stratum: Q_ 1 [-1, -1, 0, 0, 1, 1]
  widths list of T = [6, 6, 6, 5, 4, 4, 2, 3] 8
  widths list of S = [2, 2, 2, 2, 2, 2, 2, 2, 2, 2, 2, 2, 2, 2, 2, 2, 2, 2] 18
  widths list of TS = [3, 3, 3, 3, 3, 3, 3, 3, 3, 3, 3, 3] 12
  genus = 0
  Wolfarht level = 60
 
 
 
  Component No. 6
  representatives:  [   9  318  328  431  449  966 1767 1833 1949 1967 2039 2079 2084 2202
 3142 3144 3148 3153 3154 3164 3204 3242 3563 3564]
  index of VG = 24
  base: (x,y,eps) = ( [[0, 1, 2, 3, 4, 5]] [[0], [1], [2], [3, 5], [4]] [0 0 0 0 0 0] )
  stratum: A_ 2 [0, 0, 2, 2]
  widths list of T = [6, 4, 4, 6, 2, 2] 6
  widths list of S = [2, 2, 2, 2, 2, 2, 2, 2, 2, 2, 2, 2] 12
  widths list of TS = [3, 3, 3, 3, 3, 3, 3, 3] 8
  genus = 0
  Wolfarht level = 12
 
 
 
  Component No. 7
  representatives:  [  10  549  566 1005 1015 1030 2185 2194 2480 2484 2494 3565]
  index of VG = 12
  base: (x,y,eps) = ( [[0, 1, 2, 3, 4, 5]] [[0], [1], [2], [3, 5], [4]] [0 0 0 1 0 0] )
  stratum: Q_ 2 [0, 0, 2, 2]
  widths list of T = [6, 2, 3, 1] 4
  widths list of S = [2, 2, 2, 2, 2, 2] 6
  widths list of TS = [3, 3, 3, 3] 4
  genus = 0
  Wolfarht level = 6
 
 
 
  Component No. 8
  representatives:  [  11  136  147  724  759 1037 2336 2422 2457 2696 2734 2745 2768 3455
 3464]
  index of VG = 15
  base: (x,y,eps) = ( [[0, 1, 2, 3, 4, 5]] [[0], [1], [2, 3], [4, 5]] [0 0 0 0 0 0] )
  stratum: A_ 3 [0, 8]
  widths list of T = [6, 3, 4, 2] 4
  widths list of S = [2, 2, 2, 2, 2, 1, 2, 2] 8
  widths list of TS = [3, 3, 3, 3, 3] 5
  genus = 0
  Wolfarht level = 12
 
 
 
  Component No. 9
  representatives:  [  12   86  101  200  213  252  271  387  392  480  490  511  581  598
  604  611  617  634  713  800  804  819  826  895 1204 1283 1290 1334
 1349 1389 1394 1426 1437 1487 1508 1565 1570 1598 1605 1996 1998 2008
 2022 2310 2317 2393 3454 3456]
  index of VG = 48
  base: (x,y,eps) = ( [[0, 1, 2, 3, 4, 5]] [[0], [1], [2, 3], [4, 5]] [0 0 1 0 0 0] )
  stratum: Q_ 2 [-1, -1, 0, 6]
  widths list of T = [6, 6, 6, 6, 5, 5, 5, 4, 3, 2] 10
  widths list of S = [2, 2, 2, 2, 2, 2, 2, 2, 2, 2, 2, 2, 2, 2, 2, 2, 2, 2, 2, 2, 2, 2, 2, 2] 24
  widths list of TS = [3, 3, 3, 3, 3, 3, 3, 3, 3, 3, 3, 3, 3, 3, 3, 3] 16
  genus = 0
  Wolfarht level = 60
 
 
 
  Component No. 10
  representatives:  [  13  462  468  530  536  679 1982 1986 3457]
  index of VG = 9
  base: (x,y,eps) = ( [[0, 1, 2, 3, 4, 5]] [[0], [1], [2, 3], [4, 5]] [0 0 1 0 1 0] )
  stratum: Q_ 1 [-1, -1, -1, -1, 0, 4]
  widths list of T = [6, 2, 1] 3
  widths list of S = [2, 2, 2, 2, 1] 5
  widths list of TS = [3, 3, 3] 3
  genus = 0
  Wolfarht level = 6
 
 
 
  Component No. 11
  representatives:  [  16   22   30   65   79  109  130  255  268  285  290  542  551  557
  558  564  574  586  596  606  609  619  629  708  711  743  745  752
  891  909 1357 1378 1430 1433 1659 2440 2441 2450 2628 2654 2660 2667
 2924 2938 2952 3117 3123 3133]
  index of VG = 48
  base: (x,y,eps) = ( [[0, 1, 2, 3, 4, 5]] [[0], [1], [2, 3, 4, 5]] [0 0 0 1 0 0] )
  stratum: Q_ 2 [-1, -1, 0, 6]
  widths list of T = [6, 6, 6, 6, 6, 5, 3, 4, 3, 3] 10
  widths list of S = [2, 2, 2, 2, 2, 2, 2, 2, 2, 2, 2, 2, 2, 2, 2, 2, 2, 2, 2, 2, 2, 2, 2, 2] 24
  widths list of TS = [3, 3, 3, 3, 3, 3, 3, 3, 3, 3, 3, 3, 3, 3, 3, 3] 16
  genus = 0
  Wolfarht level = 60
 
 
 
  Component No. 12
  representatives:  [  17  112  127  356  375  483  725  730  749  753  773  947 1221 1226
 1367 1368 1532 1535 1621 1630 1681 1688 1794 1799 1921 2013 2346 2353
 2423 2431 2447 2452 2641 2655 2673 2678]
  index of VG = 36
  base: (x,y,eps) = ( [[0, 1, 2, 3, 4, 5]] [[0], [1], [2, 3, 4, 5]] [0 0 1 1 0 0] )
  stratum: Q_ 2 [-1, 0, 1, 4]
  widths list of T = [6, 6, 5, 5, 4, 3, 3, 4] 8
  widths list of S = [2, 2, 2, 2, 2, 2, 2, 2, 2, 2, 2, 2, 2, 2, 2, 2, 2, 2] 18
  widths list of TS = [3, 3, 3, 3, 3, 3, 3, 3, 3, 3, 3, 3] 12
  genus = 0
  Wolfarht level = 60
 
 
 
  Component No. 13
  representatives:  [  18  434  444  484  597  602  613  618  924 1922 1952 1962 2014 2644
 2656]
  index of VG = 15
  base: (x,y,eps) = ( [[0, 1, 2, 3, 4, 5]] [[0], [1], [2, 3, 4, 5]] [0 0 1 0 1 0] )
  stratum: Q_ 1 [-1, -1, -1, 0, 0, 3]
  widths list of T = [6, 3, 4, 2] 4
  widths list of S = [2, 2, 2, 2, 2, 2, 1, 2] 8
  widths list of TS = [3, 3, 3, 3, 3] 5
  genus = 0
  Wolfarht level = 12
 
 
 
  Component No. 14
  representatives:  [  19   98  386  461  496  519 1238 1308 1316 1344 1597 1811 1904 1920
 1948 1981 2024 2277 2374 2389 2633 2645 2648 2659]
  index of VG = 24
  base: (x,y,eps) = ( [[0, 1, 2, 3, 4, 5]] [[0], [1], [2, 3, 4, 5]] [0 0 0 1 1 0] )
  stratum: Q_ 2 [-1, -1, 0, 6]
  widths list of T = [6, 5, 2, 4, 3, 4] 6
  widths list of S = [2, 2, 2, 2, 2, 2, 2, 2, 2, 2, 2, 2] 12
  widths list of TS = [3, 3, 3, 3, 3, 3, 3, 3] 8
  genus = 0
  Wolfarht level = 60
 
 
 
  Component No. 15
  representatives:  [  21   96  400  467  478  507 1235 1306 1321 1346 1606 1809 1914 1924
 1938 1985 2006 2279 2364 2401 2631 2643 2650 2657]
  index of VG = 24
  base: (x,y,eps) = ( [[0, 1, 2, 3, 4, 5]] [[0], [1], [2, 3, 4, 5]] [0 0 1 0 0 1] )
  stratum: Q_ 2 [-1, -1, 0, 6]
  widths list of T = [6, 5, 2, 4, 3, 4] 6
  widths list of S = [2, 2, 2, 2, 2, 2, 2, 2, 2, 2, 2, 2] 12
  widths list of TS = [3, 3, 3, 3, 3, 3, 3, 3] 8
  genus = 0
  Wolfarht level = 60
 
 
 
  Component No. 16
  representatives:  [  24   34   41   64   78  104  135  175  186  191  222  334  347  576
  639  734  846  869 1207 1214 1352 1383 1482 1513 1530 1537 1667 1672
 2043 2050 2137 2167 2328 2335 2429 2627 2662 2672 2679 2923 2937 2951
 2977 2984 2991 2992 2995 2996 3003 3004 3010 3012 3026 3028 3042 3044
 3051 3353 3360 3367]
  index of VG = 60
  base: (x,y,eps) = ( [[0, 1, 2, 3, 4, 5]] [[0], [1], [2, 3, 5, 4]] [0 0 0 0 0 0] )
  stratum: A_ 3 [0, 8]
  widths list of T = [6, 6, 6, 5, 5, 4, 3, 4, 6, 6, 6, 3] 12
  widths list of S = [2, 2, 2, 2, 2, 2, 2, 2, 2, 2, 2, 2, 2, 2, 2, 2, 2, 2, 2, 2, 2, 2, 2, 2, 2, 2, 2, 2, 2, 2] 30
  widths list of TS = [3, 3, 3, 3, 3, 3, 3, 3, 3, 3, 3, 3, 3, 3, 3, 3, 3, 3, 3, 3] 20
  genus = 0
  Wolfarht level = 60
 
 
 
  Component No. 17
  representatives:  [  25   31  119  120  204  209  253  270  355  376  415  419  541  572
  641  655  702  712  768  790  836  843  855  876  896  901  934  953
  989  998 1302 1305 1307 1323 1328 1360 1375 1427 1436 1467 1476 1495
 1500 1624 1627 2103 2105 2117 2127 2146 2160 2251 2259 2647 2649 2663
 2666 2962 2968 2972]
  index of VG = 60
  base: (x,y,eps) = ( [[0, 1, 2, 3, 4, 5]] [[0], [1], [2, 3, 5, 4]] [0 0 1 0 0 0] )
  stratum: Q_ 2 [-1, 0, 2, 3]
  widths list of T = [6, 6, 6, 6, 6, 5, 5, 5, 4, 4, 4, 3] 12
  widths list of S = [2, 2, 2, 2, 2, 2, 2, 2, 2, 2, 2, 2, 2, 2, 2, 2, 2, 2, 2, 2, 2, 2, 2, 2, 2, 2, 2, 2, 2, 2] 30
  widths list of TS = [3, 3, 3, 3, 3, 3, 3, 3, 3, 3, 3, 3, 3, 3, 3, 3, 3, 3, 3, 3] 20
  genus = 0
  Wolfarht level = 60
 
 
 
  Component No. 18
  representatives:  [  26   47   87  153  221  259  515  592  607  643  732  847 1279 1339
 1422 1471 1483 1523 1536 1544 1579 1684 2104 2119 2145 2220 2276 2323
 2347 2388 2442 2464 2632 2669 2674 2683]
  index of VG = 36
  base: (x,y,eps) = ( [[0, 1, 2, 3, 4, 5]] [[0], [1], [2, 3, 5, 4]] [0 0 0 1 0 0] )
  stratum: Q_ 2 [-1, 0, 1, 4]
  widths list of T = [6, 6, 5, 5, 4, 3, 3, 4] 8
  widths list of S = [2, 2, 2, 2, 2, 2, 2, 2, 2, 2, 2, 2, 2, 2, 2, 2, 2, 2] 18
  widths list of TS = [3, 3, 3, 3, 3, 3, 3, 3, 3, 3, 3, 3] 12
  genus = 0
  Wolfarht level = 60
 
 
 
  Component No. 19
  representatives:  [  27   33  141  142  408  646  663  699  722  903  907 1033 1038 1044
 1045 1051 1053 1056 2087 2114 2136 2196 2665 2671 2691 2693 2721 2735
 2744 2776]
  index of VG = 30
  base: (x,y,eps) = ( [[0, 1, 2, 3, 4, 5]] [[0], [1], [2, 3, 5, 4]] [0 0 1 1 0 0] )
  stratum: Q_ 3 [0, 8]
  widths list of T = [6, 6, 6, 4, 4, 4] 6
  widths list of S = [2, 2, 2, 2, 2, 2, 2, 2, 2, 2, 1, 2, 1, 2, 2, 2] 16
  widths list of TS = [3, 3, 3, 3, 3, 3, 3, 3, 3, 3] 10
  genus = 0
  Wolfarht level = 12
 
 
 
  Component No. 20
  representatives:  [  28   53   91  158  192  264  506  608  623  653  746  868 1296 1335
 1441 1480 1512 1520 1531 1549 1584 1682 2106 2125 2159 2218 2278 2306
 2351 2397 2427 2459 2630 2664 2677 2686]
  index of VG = 36
  base: (x,y,eps) = ( [[0, 1, 2, 3, 4, 5]] [[0], [1], [2, 3, 5, 4]] [0 0 0 0 1 0] )
  stratum: Q_ 2 [-1, 0, 1, 4]
  widths list of T = [6, 6, 5, 5, 4, 3, 3, 4] 8
  widths list of S = [2, 2, 2, 2, 2, 2, 2, 2, 2, 2, 2, 2, 2, 2, 2, 2, 2, 2] 18
  widths list of TS = [3, 3, 3, 3, 3, 3, 3, 3, 3, 3, 3, 3] 12
  genus = 0
  Wolfarht level = 60
 
 
 
  Component No. 21
  representatives:  [  29   32  472  531  666  677 2668 2670 3247]
  index of VG = 9
  base: (x,y,eps) = ( [[0, 1, 2, 3, 4, 5]] [[0], [1], [2, 3, 5, 4]] [0 0 1 0 1 0] )
  stratum: Q_ 1 [-1, -1, 0, 0, 1, 1]
  widths list of T = [6, 2, 1] 3
  widths list of S = [2, 2, 2, 1, 2] 5
  widths list of TS = [3, 3, 3] 3
  genus = 0
  Wolfarht level = 6
 
 
 
  Component No. 22
  representatives:  [  35   40  360  371  433  443  667  681  848  867  967  972 1254 1472
 1479 1622 1629 1779 1825 1951 1961 2054 2057 2067 2070 2071 2074 2102
 2108 2151 2153 2204 2206 3363 3364 3369]
  index of VG = 36
  base: (x,y,eps) = ( [[0, 1, 2, 3, 4, 5]] [[0], [1], [2, 3, 5], [4]] [0 0 1 0 0 0] )
  stratum: Q_ 2 [-1, 0, 1, 4]
  widths list of T = [6, 6, 5, 4, 4, 4, 4, 3] 8
  widths list of S = [2, 2, 2, 2, 2, 2, 2, 2, 2, 2, 2, 2, 2, 2, 2, 2, 2, 2] 18
  widths list of TS = [3, 3, 3, 3, 3, 3, 3, 3, 3, 3, 3, 3] 12
  genus = 0
  Wolfarht level = 60
 
 
 
  Component No. 23
  representatives:  [  36   39  338  340  343  345  504  523  546  567  693  718  737  751
  884  911  981 1002 2273 2332 2333 2386 2405 2410 2417 2435 2449 3000
 3001 3034 3035 3036 3037 3355 3362 3365]
  index of VG = 36
  base: (x,y,eps) = ( [[0, 1, 2, 3, 4, 5]] [[0], [1], [2, 3, 5], [4]] [0 0 0 1 0 0] )
  stratum: Q_ 2 [-1, 0, 1, 4]
  widths list of T = [6, 6, 6, 3, 3, 3, 6, 3] 8
  widths list of S = [2, 2, 2, 2, 2, 2, 2, 2, 2, 2, 2, 2, 2, 2, 2, 2, 2, 2] 18
  widths list of TS = [3, 3, 3, 3, 3, 3, 3, 3, 3, 3, 3, 3] 12
  genus = 0
  Wolfarht level = 6
 
 
 
  Component No. 24
  representatives:  [  37   38   46   51  111  128  299  311  353  378  383  395  583  584
  631  632  763  785  849  857  866  874  937  962 1024 1029 1040 1042
 1047 1049 1359 1376 1391 1392 1533 1534 1591 1608 1615 1636 1653 1706
 1721 1726 1730 2143 2144 2161 2162 2173 2175 2190 2192 2675 2676 2681
 2688 3358 3361 3366]
  index of VG = 60
  base: (x,y,eps) = ( [[0, 1, 2, 3, 4, 5]] [[0], [1], [2, 3, 5], [4]] [0 0 1 1 0 0] )
  stratum: Q_ 3 [0, 8]
  widths list of T = [6, 6, 6, 6, 6, 5, 5, 5, 4, 4, 4, 3] 12
  widths list of S = [2, 2, 2, 2, 2, 2, 2, 2, 2, 2, 2, 2, 2, 2, 2, 2, 2, 2, 2, 2, 2, 2, 2, 2, 2, 2, 2, 2, 2, 2] 30
  widths list of TS = [3, 3, 3, 3, 3, 3, 3, 3, 3, 3, 3, 3, 3, 3, 3, 3, 3, 3, 3, 3] 20
  genus = 0
  Wolfarht level = 60
 
 
 
  Component No. 25
  representatives:  [  42  664 3467]
  index of VG = 3
  base: (x,y,eps) = ( [[0, 1, 2, 3, 4, 5]] [[0], [1], [2, 4], [3, 5]] [0 0 0 0 0 0] )
  stratum: A_ 2 [0, 0, 0, 4]
  widths list of T = [2, 1] 2
  widths list of S = [2, 1] 2
  widths list of TS = [3] 1
  genus = 0
  Wolfarht level = 2
 
 
 
  Component No. 26
  representatives:  [  43  319  321  323  325  591  624  700  858  873  902 1010 2066 2075
 2081 2082 2142 2164 2183 2184 2478 2479 2490 3150 3151 3156 3157 3160
 3161 3468]
  index of VG = 30
  base: (x,y,eps) = ( [[0, 1, 2, 3, 4, 5]] [[0], [1], [2, 4], [3, 5]] [0 0 1 0 0 0] )
  stratum: Q_ 3 [0, 8]
  widths list of T = [6, 6, 4, 4, 3, 6, 1] 7
  widths list of S = [2, 2, 2, 2, 2, 2, 2, 2, 2, 2, 2, 2, 2, 2, 2] 15
  widths list of TS = [3, 3, 3, 3, 3, 3, 3, 3, 3, 3] 10
  genus = 0
  Wolfarht level = 12
 
 
 
  Component No. 27
  representatives:  [  44  651  658 1006 1011 1046 2038 2116 2134 2182 2477 2487 2492 3466
 3469]
  index of VG = 15
  base: (x,y,eps) = ( [[0, 1, 2, 3, 4, 5]] [[0], [1], [2, 4], [3, 5]] [0 0 1 1 0 0] )
  stratum: Q_ 3 [0, 8]
  widths list of T = [6, 4, 3, 2] 4
  widths list of S = [2, 2, 2, 2, 2, 1, 2, 2] 8
  widths list of TS = [3, 3, 3, 3, 3] 5
  genus = 0
  Wolfarht level = 12
 
 
 
  Component No. 28
  representatives:  [  45   54  382  401  471  508 1248 1304 1309 1590 1609 2275 2280 2390
 2629 2634 2637 2639 2646 2651 2680 2689 3206 3246]
  index of VG = 24
  base: (x,y,eps) = ( [[0, 1, 2, 3, 4, 5]] [[0], [1], [2, 4, 3, 5]] [0 0 0 0 0 0] )
  stratum: A_ 2 [0, 0, 2, 2]
  widths list of T = [6, 5, 3, 4, 4, 2] 6
  widths list of S = [2, 2, 2, 2, 2, 2, 2, 2, 2, 2, 2, 2] 12
  widths list of TS = [3, 3, 3, 3, 3, 3, 3, 3] 8
  genus = 0
  Wolfarht level = 60
 
 
 
  Component No. 29
  representatives:  [  49  176  185  341  344  665  670  772  860  871  919  921  946  970
  975 2046 2047 2053 2058 2148 2158 2205 2207 2685 3018 3020 3031 3041
 3047 3048]
  index of VG = 30
  base: (x,y,eps) = ( [[0, 1, 2, 3, 4, 5]] [[0], [1], [2, 4, 3, 5]] [0 0 1 0 1 0] )
  stratum: Q_ 2 [-1, 0, 2, 3]
  widths list of T = [6, 6, 3, 4, 4, 1, 6] 7
  widths list of S = [2, 2, 2, 2, 2, 2, 2, 2, 2, 2, 2, 2, 2, 2, 2] 15
  widths list of TS = [3, 3, 3, 3, 3, 3, 3, 3, 3, 3] 10
  genus = 0
  Wolfarht level = 12
 
 
 
  Component No. 30
  representatives:  [  50   52   58  302  316  394  396  413  423  645  652  762  793  932
  963  982  999 1025 1262 1592 1607 1714 1715 2086 2115 2133 2189 2636
 2682 2687 2694 2954 2966 2976 3459 3461]
  index of VG = 36
  base: (x,y,eps) = ( [[0, 1, 2, 3, 4, 5]] [[0], [1], [2, 4, 3, 5]] [0 0 0 1 1 0] )
  stratum: Q_ 2 [0, 1, 1, 2]
  widths list of T = [6, 6, 6, 5, 4, 4, 3, 2] 8
  widths list of S = [2, 2, 2, 2, 2, 2, 2, 2, 2, 2, 2, 2, 2, 2, 2, 2, 2, 2] 18
  widths list of TS = [3, 3, 3, 3, 3, 3, 3, 3, 3, 3, 3, 3] 12
  genus = 0
  Wolfarht level = 60
 
 
 
  Component No. 31
  representatives:  [  55  402  503  526  980 1003 2269 2385 2408 3491 3566 3567]
  index of VG = 12
  base: (x,y,eps) = ( [[0, 1, 2, 3, 4, 5]] [[0], [1], [2, 5], [3], [4]] [0 0 0 0 0 0] )
  stratum: A_ 2 [0, 0, 2, 2]
  widths list of T = [6, 3, 1, 2] 4
  widths list of S = [2, 2, 2, 2, 2, 2] 6
  widths list of TS = [3, 3, 3, 3] 4
  genus = 0
  Wolfarht level = 6
 
 
 
  Component No. 32
  representatives:  [  56  669  687 1022 1055 1057 1059 1060 1062 3257 3271 3568]
  index of VG = 12
  base: (x,y,eps) = ( [[0, 1, 2, 3, 4, 5]] [[0], [1], [2, 5], [3], [4]] [0 0 1 0 0 0] )
  stratum: Q_ 2 [0, 0, 2, 2]
  widths list of T = [6, 3, 2, 1] 4
  widths list of S = [2, 2, 2, 2, 2, 2] 6
  widths list of TS = [3, 3, 3, 3] 4
  genus = 0
  Wolfarht level = 6
 
 
 
  Component No. 33
  representatives:  [  57  405  412  422  477  495 1770 1775 1787 1792 1919 1923 2005 2023
 2635 2640 2642 2690 2703 2708 2720 2772 2897 2903 2908 2953 2965 2975
 3444 3460]
  index of VG = 30
  base: (x,y,eps) = ( [[0, 1, 2, 3, 4, 5]] [[0], [1], [2, 5], [3, 4]] [0 0 0 0 0 0] )
  stratum: A_ 3 [0, 8]
  widths list of T = [6, 4, 4, 4, 4, 6, 2] 7
  widths list of S = [2, 2, 2, 2, 2, 2, 2, 2, 2, 2, 2, 2, 2, 2, 2] 15
  widths list of TS = [3, 3, 3, 3, 3, 3, 3, 3, 3, 3] 10
  genus = 0
  Wolfarht level = 12
 
 
 
  Component No. 34
  representatives:  [  59  243  505  525  545  573 2271 2387 2407 2782 3446 3462]
  index of VG = 12
  base: (x,y,eps) = ( [[0, 1, 2, 3, 4, 5]] [[0], [1], [2, 5], [3, 4]] [0 0 0 1 0 0] )
  stratum: Q_ 2 [-1, -1, 0, 6]
  widths list of T = [6, 3, 1, 2] 4
  widths list of S = [2, 2, 2, 2, 2, 2] 6
  widths list of TS = [3, 3, 3, 3] 4
  genus = 0
  Wolfarht level = 6
 
 
 
  Component No. 35
  representatives:  [  60  668  685  748  750  976 2209 2222 2446 2448 2466 3463]
  index of VG = 12
  base: (x,y,eps) = ( [[0, 1, 2, 3, 4, 5]] [[0], [1], [2, 5], [3, 4]] [0 0 1 1 0 0] )
  stratum: Q_ 1 [-1, -1, 0, 0, 0, 2]
  widths list of T = [6, 2, 3, 1] 4
  widths list of S = [2, 2, 2, 2, 2, 2] 6
  widths list of TS = [3, 3, 3, 3] 4
  genus = 0
  Wolfarht level = 6
 
 
 
  Component No. 36
  representatives:  [  61  168  174  832  844 1017 2232 2236 2248 2260 2793 2798 2802 2808
 3262 3266 3500 3512]
  index of VG = 18
  base: (x,y,eps) = ( [[0, 1, 2, 3, 4, 5]] [[0], [1, 2], [3], [4, 5]] [0 0 0 0 0 0] )
  stratum: A_ 3 [4, 4]
  widths list of T = [6, 4, 4, 2, 2] 5
  widths list of S = [2, 2, 2, 2, 2, 2, 2, 2, 2] 9
  widths list of TS = [3, 3, 3, 3, 3, 3] 6
  genus = 0
  Wolfarht level = 12
 
 
 
  Component No. 37
  representatives:  [  62   88  102  160  162  417  421  488  492  547  571  644  654  815
  817  822  824  839 1206 1336 1350 1545 1553 1918 2010 2020 2034 2094
 2123 2129 2256 2958 2970 2974 3502 3513]
  index of VG = 36
  base: (x,y,eps) = ( [[0, 1, 2, 3, 4, 5]] [[0], [1, 2], [3], [4, 5]] [0 1 0 0 0 0] )
  stratum: Q_ 2 [-1, -1, 2, 4]
  widths list of T = [6, 6, 6, 5, 4, 4, 3, 2] 8
  widths list of S = [2, 2, 2, 2, 2, 2, 2, 2, 2, 2, 2, 2, 2, 2, 2, 2, 2, 2] 18
  widths list of TS = [3, 3, 3, 3, 3, 3, 3, 3, 3, 3, 3, 3] 12
  genus = 0
  Wolfarht level = 60
 
 
 
  Component No. 38
  representatives:  [  63  501  516  524  532  537 2362 2398 2406 3231 3240 3514]
  index of VG = 12
  base: (x,y,eps) = ( [[0, 1, 2, 3, 4, 5]] [[0], [1, 2], [3], [4, 5]] [0 1 0 0 1 0] )
  stratum: Q_ 1 [-1, -1, -1, -1, 2, 2]
  widths list of T = [6, 3, 2, 1] 4
  widths list of S = [2, 2, 2, 2, 2, 2] 6
  widths list of TS = [3, 3, 3, 3] 4
  genus = 0
  Wolfarht level = 6
 
 
 
  Component No. 39
  representatives:  [  66   70  137  163  173  195  214  215  229  263  385  588  630  661
  716  729  756  769  783  787  802  825  833  864  872  875  906  939
  954  957 1211 1213 1272 1388 1398 1442 1457 1464 1475 1486 1493 1505
 1550 1594 1686 2068 2069 2101 2118 2152 2155 2156 2258 2350 2424 2444
 2701 2741 2756 2803 2931 2945 2949 2981 2988 2990]
  index of VG = 66
  base: (x,y,eps) = ( [[0, 1, 2, 3, 4, 5]] [[0], [1, 2], [3, 4, 5]] [0 0 0 1 0 0] )
  stratum: Q_ 3 [-1, 9]
  widths list of T = [6, 6, 6, 6, 6, 5, 5, 5, 4, 4, 3, 4, 6] 13
  widths list of S = [2, 2, 2, 2, 2, 2, 2, 2, 2, 2, 2, 2, 2, 2, 2, 2, 2, 2, 2, 2, 2, 2, 2, 2, 2, 2, 2, 2, 2, 2, 2, 2, 2] 33
  widths list of TS = [3, 3, 3, 3, 3, 3, 3, 3, 3, 3, 3, 3, 3, 3, 3, 3, 3, 3, 3, 3, 3, 3] 22
  genus = 0
  Wolfarht level = 60
 
 
 
  Component No. 40
  representatives:  [  67   71   92   94  456  482  513  552  563  594  605  823 1276 1286
 1337 1343 1572 1910 1984 1994 2012 2320 2366 2399 2932 2946 2950]
  index of VG = 27
  base: (x,y,eps) = ( [[0, 1, 2, 3, 4, 5]] [[0], [1, 2], [3, 4, 5]] [0 1 0 1 0 0] )
  stratum: Q_ 2 [-1, -1, -1, 7]
  widths list of T = [6, 6, 5, 4, 3, 3] 6
  widths list of S = [2, 2, 2, 2, 2, 2, 2, 2, 2, 1, 2, 2, 2, 2] 14
  widths list of TS = [3, 3, 3, 3, 3, 3, 3, 3, 3] 9
  genus = 0
  Wolfarht level = 60
 
 
 
  Component No. 41
  representatives:  [  68   74   90   99  106  113  115  124  126  133  156  159  251  272
  282  293  452  553  562  578  593  603  612  622  637  801  805  820
  827  990 1209 1212 1338 1347 1354 1364 1366 1369 1371 1381 1405 1406
 1409 1410 1425 1438 1542 1552 1562 1573 1900 1970 1990 2004 2927 2941
 2947 2979 2986 2989 3107 3121 3135]
  index of VG = 63
  base: (x,y,eps) = ( [[0, 1, 2, 3, 4, 5]] [[0], [1, 2], [3, 4, 5]] [0 0 0 0 1 0] )
  stratum: Q_ 2 [-1, -1, 1, 5]
  widths list of T = [6, 6, 6, 6, 6, 5, 5, 5, 5, 4, 6, 3] 12
  widths list of S = [2, 2, 2, 2, 2, 2, 2, 2, 2, 2, 2, 2, 2, 2, 2, 2, 2, 2, 2, 2, 2, 2, 2, 1, 2, 2, 2, 2, 2, 2, 2, 2] 32
  widths list of TS = [3, 3, 3, 3, 3, 3, 3, 3, 3, 3, 3, 3, 3, 3, 3, 3, 3, 3, 3, 3, 3] 21
  genus = 0
  Wolfarht level = 60
 
 
 
  Component No. 42
  representatives:  [  69   75  436  448  464  533  555  560 1902 1954 1966 1980 2928 2942
 2948]
  index of VG = 15
  base: (x,y,eps) = ( [[0, 1, 2, 3, 4, 5]] [[0], [1, 2], [3, 4, 5]] [0 1 0 0 1 0] )
  stratum: Q_ 1 [-1, -1, -1, -1, 1, 3]
  widths list of T = [6, 2, 4, 3] 4
  widths list of S = [2, 2, 2, 2, 2, 1, 2, 2] 8
  widths list of TS = [3, 3, 3, 3, 3] 5
  genus = 0
  Wolfarht level = 12
 
 
 
  Component No. 43
  representatives:  [  72   76  145  154  169  198  199  218  232  260  389  585  627  647
  697  726  744  764  780  791  806  818  840  851  856  859  897  935
  950  961 1208 1210 1271 1385 1395 1421 1458 1462 1468 1490 1502 1509
 1546 1601 1683 2072 2073 2107 2128 2149 2150 2154 2250 2349 2430 2454
 2700 2736 2751 2807 2933 2939 2943 2982 2985 2987]
  index of VG = 66
  base: (x,y,eps) = ( [[0, 1, 2, 3, 4, 5]] [[0], [1, 2], [3, 4, 5]] [0 0 0 0 0 1] )
  stratum: Q_ 3 [-1, 9]
  widths list of T = [6, 6, 6, 6, 6, 5, 5, 5, 4, 4, 3, 4, 6] 13
  widths list of S = [2, 2, 2, 2, 2, 2, 2, 2, 2, 2, 2, 2, 2, 2, 2, 2, 2, 2, 2, 2, 2, 2, 2, 2, 2, 2, 2, 2, 2, 2, 2, 2, 2] 33
  widths list of TS = [3, 3, 3, 3, 3, 3, 3, 3, 3, 3, 3, 3, 3, 3, 3, 3, 3, 3, 3, 3, 3, 3] 22
  genus = 0
  Wolfarht level = 60
 
 
 
  Component No. 44
  representatives:  [  73   77   89   95  460  494  517  554  561  610  621  816 1275 1293
 1340 1342 1563 1906 1974 2000 2018 2313 2370 2395 2934 2940 2944]
  index of VG = 27
  base: (x,y,eps) = ( [[0, 1, 2, 3, 4, 5]] [[0], [1, 2], [3, 4, 5]] [0 1 0 0 0 1] )
  stratum: Q_ 2 [-1, -1, -1, 7]
  widths list of T = [6, 6, 5, 4, 3, 3] 6
  widths list of S = [2, 2, 2, 2, 2, 2, 2, 2, 2, 1, 2, 2, 2, 2] 14
  widths list of TS = [3, 3, 3, 3, 3, 3, 3, 3, 3] 9
  genus = 0
  Wolfarht level = 60
 
 
 
  Component No. 45
  representatives:  [  80  223  238  246  277  278  289  350  381  451  688  878 1240 1247
 1270 1273 1416 1447 1448 1455 1610 1641 1813 1820 1899 1969 2699 2702
 2709 2716 2726 2733 2746 2761 2925 2929 2935 2978 2980 2983 3064 3071
 3078 3106 3120 3134 3473 3484]
  index of VG = 48
  base: (x,y,eps) = ( [[0, 1, 2, 3, 4, 5]] [[0], [1, 2], [3, 5], [4]] [0 0 0 0 0 0] )
  stratum: A_ 3 [2, 6]
  widths list of T = [6, 6, 5, 5, 4, 4, 4, 6, 6, 2] 10
  widths list of S = [2, 2, 2, 2, 2, 2, 2, 2, 2, 2, 2, 2, 2, 2, 2, 2, 2, 2, 2, 2, 2, 2, 2, 2] 24
  widths list of TS = [3, 3, 3, 3, 3, 3, 3, 3, 3, 3, 3, 3, 3, 3, 3, 3] 16
  genus = 0
  Wolfarht level = 60
 
 
 
  Component No. 46
  representatives:  [  81  201  212  256  267  435  447  671  674  742  917  925 1236 1429
 1434 1488 1507 1769 1808 1953 1965 2443 3475 3486]
  index of VG = 24
  base: (x,y,eps) = ( [[0, 1, 2, 3, 4, 5]] [[0], [1, 2], [3, 5], [4]] [0 1 0 0 0 0] )
  stratum: Q_ 2 [-1, -1, 2, 4]
  widths list of T = [6, 6, 5, 4, 1, 2] 6
  widths list of S = [2, 2, 2, 2, 2, 2, 2, 2, 2, 2, 2, 2] 12
  widths list of TS = [3, 3, 3, 3, 3, 3, 3, 3] 8
  genus = 0
  Wolfarht level = 60
 
 
 
  Component No. 47
  representatives:  [  82  203  210  230  231  261  262  300  301  305  315  731  767  775
  778  792  807  810  933  941  944  955 1043 1052 1216 1403 1412 1420
 1443 1451 1452 1494 1501 1676 1692 1707 1709 1719 1723 2341 2358 2432
 2727 2732 2747 2760 3483 3485]
  index of VG = 48
  base: (x,y,eps) = ( [[0, 1, 2, 3, 4, 5]] [[0], [1, 2], [3, 5], [4]] [0 0 0 1 0 0] )
  stratum: Q_ 3 [2, 6]
  widths list of T = [6, 6, 6, 6, 5, 5, 5, 3, 4, 2] 10
  widths list of S = [2, 2, 2, 2, 2, 2, 2, 2, 2, 2, 2, 2, 2, 2, 2, 2, 2, 2, 2, 2, 2, 2, 2, 2] 24
  widths list of TS = [3, 3, 3, 3, 3, 3, 3, 3, 3, 3, 3, 3, 3, 3, 3, 3] 16
  genus = 0
  Wolfarht level = 60
 
 
 
  Component No. 48
  representatives:  [  83  118  121  197  216  463  548  568  595  601  614  620  704  705
  715  887  888  894 1222 1228 1274 1277 1324 1330 1361 1374 1492 1503
 1795 1801 1901 1979 2926 2930 2936 3487]
  index of VG = 36
  base: (x,y,eps) = ( [[0, 1, 2, 3, 4, 5]] [[0], [1, 2], [3, 5], [4]] [0 1 0 1 0 0] )
  stratum: Q_ 2 [-1, -1, 2, 4]
  widths list of T = [6, 6, 6, 5, 5, 4, 3, 1] 8
  widths list of S = [2, 2, 2, 2, 2, 2, 2, 2, 2, 2, 2, 2, 2, 2, 2, 2, 2, 2] 18
  widths list of TS = [3, 3, 3, 3, 3, 3, 3, 3, 3, 3, 3, 3] 12
  genus = 0
  Wolfarht level = 60
 
 
 
  Component No. 49
  representatives:  [  93  100  429  442  446  518 1219 1318 1320 1341 1348 1908 1912 1932
 1936 1942 1946 1960 1964 2368 2372 2400 3196 3234]
  index of VG = 24
  base: (x,y,eps) = ( [[0, 1, 2, 3, 4, 5]] [[0], [1, 2, 3, 4, 5]] [0 0 1 0 1 0] )
  stratum: Q_ 1 [-1, -1, -1, -1, 2, 2]
  widths list of T = [6, 5, 4, 4, 3, 2] 6
  widths list of S = [2, 2, 2, 2, 2, 2, 2, 2, 2, 2, 2, 2] 12
  widths list of TS = [3, 3, 3, 3, 3, 3, 3, 3] 8
  genus = 0
  Wolfarht level = 60
 
 
 
  Component No. 50
  representatives:  [ 105  134  257  266  733  754 1353 1382 1401 1414 1428 1435 1685 1687
 1698 1699 2348 2352 2413 2419 2428 2451]
  index of VG = 22
  base: (x,y,eps) = ( [[0, 1, 2, 3, 4, 5]] [[0], [1, 2, 3, 5, 4]] [0 1 0 0 0 0] )
  stratum: Q_ 3 [-1, 9]
  widths list of T = [6, 5, 5, 3, 3] 5
  widths list of S = [2, 2, 2, 2, 2, 2, 2, 2, 2, 2, 2] 11
  widths list of TS = [3, 3, 3, 3, 3, 3, 1, 3] 8
  genus = 0
  Wolfarht level = 30
 
 
 
  Component No. 51
  representatives:  [ 107  131  149  177  180  188  193  202  224  242  339  370  372  393
  465  577  590  628  635  649  709  720  736  803  821  863  883  889
  984  992 1231 1313 1356 1380 1449 1506 1511 1515 1524 1554 1581 1583
 1602 1628 1632 1790 1807 1939 1971 2045 2120 2147 2221 2331 2439 2467
 2704 2729 2750 2781 2998 3017 3019 3022 3040 3046]
  index of VG = 66
  base: (x,y,eps) = ( [[0, 1, 2, 3, 4, 5]] [[0], [1, 2, 3, 5, 4]] [0 1 1 0 0 0] )
  stratum: Q_ 3 [-1, 9]
  widths list of T = [6, 6, 6, 6, 6, 5, 5, 5, 4, 4, 3, 4, 6] 13
  widths list of S = [2, 2, 2, 2, 2, 2, 2, 2, 2, 2, 2, 2, 2, 2, 2, 2, 2, 2, 2, 2, 2, 2, 2, 2, 2, 2, 2, 2, 2, 2, 2, 2, 2] 33
  widths list of TS = [3, 3, 3, 3, 3, 3, 3, 3, 3, 3, 3, 3, 3, 3, 3, 3, 3, 3, 3, 3, 3, 3] 22
  genus = 0
  Wolfarht level = 60
 
 
 
  Component No. 52
  representatives:  [ 108  132  161  181  184  189  211  220  237  240  342  359  361  390
  453  580  587  625  638  659  694  701  741  799  828  852  900  908
  985  994 1237 1311 1355 1379 1454 1484 1489 1519 1528 1539 1580 1582
 1595 1619 1623 1788 1804 1943 1977 2048 2126 2157 2219 2330 2434 2462
 2706 2730 2757 2780 2999 3016 3021 3023 3030 3049]
  index of VG = 66
  base: (x,y,eps) = ( [[0, 1, 2, 3, 4, 5]] [[0], [1, 2, 3, 5, 4]] [0 0 0 1 0 0] )
  stratum: Q_ 3 [-1, 9]
  widths list of T = [6, 6, 6, 6, 6, 5, 5, 5, 4, 4, 3, 4, 6] 13
  widths list of S = [2, 2, 2, 2, 2, 2, 2, 2, 2, 2, 2, 2, 2, 2, 2, 2, 2, 2, 2, 2, 2, 2, 2, 2, 2, 2, 2, 2, 2, 2, 2, 2, 2] 33
  widths list of TS = [3, 3, 3, 3, 3, 3, 3, 3, 3, 3, 3, 3, 3, 3, 3, 3, 3, 3, 3, 3, 3, 3] 22
  genus = 0
  Wolfarht level = 60
 
 
 
  Component No. 53
  representatives:  [ 110  143  358  459  690  886 1259 1291 1377 1450 1618 1818 1827 1905
 1973 2303 2308 2369 2714 2731 2740 2787]
  index of VG = 22
  base: (x,y,eps) = ( [[0, 1, 2, 3, 4, 5]] [[0], [1, 2, 3, 5, 4]] [0 0 1 1 0 0] )
  stratum: Q_ 3 [-1, 9]
  widths list of T = [6, 5, 4, 3, 4] 5
  widths list of S = [2, 2, 2, 2, 2, 2, 2, 2, 2, 2, 2] 11
  widths list of TS = [3, 3, 3, 3, 1, 3, 3, 3] 8
  genus = 0
  Wolfarht level = 60
 
 
 
  Component No. 54
  representatives:  [ 114  125  438  486  672  678 1224 1365 1370 1564 1571 1797 1928 1933
 1956 1992 2002 2016]
  index of VG = 18
  base: (x,y,eps) = ( [[0, 1, 2, 3, 4, 5]] [[0], [1, 2, 3, 5, 4]] [0 0 1 0 1 0] )
  stratum: Q_ 1 [-1, -1, -1, 0, 1, 2]
  widths list of T = [6, 5, 2, 4, 1] 5
  widths list of S = [2, 2, 2, 2, 2, 2, 2, 2, 2] 9
  widths list of TS = [3, 3, 3, 3, 3, 3] 6
  genus = 0
  Wolfarht level = 60
 
 
 
  Component No. 55
  representatives:  [ 116  123  739  747  811  814 1218 1363 1372 1386 1397 2418 2437 2445
 3195]
  index of VG = 15
  base: (x,y,eps) = ( [[0, 1, 2, 3, 4, 5]] [[0], [1, 2, 3, 5, 4]] [0 0 0 1 1 0] )
  stratum: Q_ 2 [-1, -1, 3, 3]
  widths list of T = [6, 5, 3, 1] 4
  widths list of S = [2, 2, 2, 2, 2, 2, 2, 1] 8
  widths list of TS = [3, 3, 3, 3, 3] 5
  genus = 0
  Wolfarht level = 30
 
 
 
  Component No. 56
  representatives:  [ 117  122  283  292  454  466  510  521  544  556  559  570 1317 1319
 1326 1362 1373 1940 1944 1972 1978 2296 2392 2403 3127 3129 3139]
  index of VG = 27
  base: (x,y,eps) = ( [[0, 1, 2, 3, 4, 5]] [[0], [1, 2, 3, 5, 4]] [0 1 0 1 1 0] )
  stratum: Q_ 2 [-1, -1, -1, 7]
  widths list of T = [6, 6, 5, 4, 3, 3] 6
  widths list of S = [2, 2, 2, 2, 2, 2, 2, 2, 2, 2, 2, 2, 1, 2] 14
  widths list of TS = [3, 3, 3, 3, 3, 3, 3, 3, 3] 9
  genus = 0
  Wolfarht level = 60
 
 
 
  Component No. 57
  representatives:  [ 129  139  373  455  703  879 1253 1281 1358 1453 1633 1815 1824 1909
 1983 2299 2318 2365 2711 2728 2737 2788]
  index of VG = 22
  base: (x,y,eps) = ( [[0, 1, 2, 3, 4, 5]] [[0], [1, 2, 3, 5, 4]] [0 1 0 0 1 1] )
  stratum: Q_ 3 [-1, 9]
  widths list of T = [6, 5, 4, 3, 4] 5
  widths list of S = [2, 2, 2, 2, 2, 2, 2, 2, 2, 2, 2] 11
  widths list of TS = [3, 3, 3, 3, 1, 3, 3, 3] 8
  genus = 0
  Wolfarht level = 60
 
 
 
  Component No. 58
  representatives:  [ 138  146  244  428  476  650  660  673  676  682  684  710  717  898
  910  974  991  993 2042 2124 2130 2210 2698 2738 2743 2783 3193 3233
 3245 3251]
  index of VG = 30
  base: (x,y,eps) = ( [[0, 1, 2, 3, 4, 5]] [[0], [1, 2, 3, 5], [4]] [0 0 1 0 0 0] )
  stratum: Q_ 2 [-1, -1, 3, 3]
  widths list of T = [6, 6, 6, 4, 4, 2, 2] 7
  widths list of S = [2, 2, 2, 2, 2, 2, 2, 2, 2, 2, 2, 2, 2, 2, 2] 15
  widths list of TS = [3, 3, 3, 3, 3, 3, 3, 3, 3, 3] 10
  genus = 0
  Wolfarht level = 12
 
 
 
  Component No. 59
  representatives:  [ 140  144  458  470  512  522  648  662  740  755  988 1001 1976 1988
 2028 2032 2095 2122 2132 2224 2302 2394 2404 2438 2453 2465 2725 2739
 2742 2790]
  index of VG = 30
  base: (x,y,eps) = ( [[0, 1, 2, 3, 4, 5]] [[0], [1, 2, 3, 5], [4]] [0 1 0 1 0 0] )
  stratum: Q_ 2 [-1, -1, 3, 3]
  widths list of T = [6, 6, 4, 4, 3, 3, 4] 7
  widths list of S = [2, 2, 2, 2, 2, 2, 2, 2, 2, 2, 2, 2, 2, 2, 2] 15
  widths list of TS = [3, 3, 3, 3, 3, 3, 3, 3, 3, 3] 10
  genus = 0
  Wolfarht level = 12
 
 
 
  Component No. 60
  representatives:  [ 148  167  239  330  796  831 1217 1538 1557 1661 1666 2697 2762 2767
 2779 3192 3194 3505]
  index of VG = 18
  base: (x,y,eps) = ( [[0, 1, 2, 3, 4, 5]] [[0], [1, 2, 4, 5, 3]] [0 0 0 0 0 0] )
  stratum: A_ 3 [4, 4]
  widths list of T = [6, 5, 4, 2, 1] 5
  widths list of S = [2, 2, 2, 2, 2, 2, 2, 2, 2] 9
  widths list of TS = [3, 3, 3, 3, 3, 3] 6
  genus = 0
  Wolfarht level = 60
 
 
 
  Component No. 61
  representatives:  [ 150  165  228  233  250  273  280  287  388  397  543  569  689  714
  797  830  880  893 1223 1241 1246 1424 1439 1516 1527 1540 1556 1560
 1567 1578 1585 1596 1600 1782 1796 1991 2001 2752 2755 3066 3073 3076
 3110 3124 3130]
  index of VG = 45
  base: (x,y,eps) = ( [[0, 1, 2, 3, 4, 5]] [[0], [1, 2, 4, 5, 3]] [0 0 1 0 0 0] )
  stratum: Q_ 2 [-1, 1, 1, 3]
  widths list of T = [6, 6, 6, 5, 5, 5, 4, 2, 6] 9
  widths list of S = [2, 2, 2, 2, 2, 2, 2, 2, 2, 2, 2, 2, 2, 2, 2, 2, 2, 2, 2, 2, 2, 2, 1] 23
  widths list of TS = [3, 3, 3, 3, 3, 3, 3, 3, 3, 3, 3, 3, 3, 3, 3] 15
  genus = 0
  Wolfarht level = 60
 
 
 
  Component No. 62
  representatives:  [ 151  155  179  182  187  190  206  207  249  274  336  337  348  349
  363  368  770  771  774  789  850  865  936  945  948  952 1026 1031
 1048 1050 1419 1444 1497 1498 1518 1525 1541 1551 1575 1588 1616 1635
 1646 1647 1668 1671 1696 1701 1728 1732 2065 2076 2141 2163 2174 2176
 2191 2193 2993 2994 3006 3008 3013 3015 3025 3027 3029 3033 3039 3043]
  index of VG = 70
  base: (x,y,eps) = ( [[0, 1, 2, 3, 4, 5]] [[0], [1, 2, 4, 5, 3]] [0 1 1 0 0 0] )
  stratum: Q_ 3 [3, 5]
  widths list of T = [6, 6, 6, 6, 6, 5, 5, 5, 5, 4, 4, 6, 6] 13
  widths list of S = [2, 2, 2, 2, 2, 2, 2, 2, 2, 2, 2, 2, 2, 2, 2, 2, 2, 2, 2, 2, 2, 2, 2, 2, 2, 2, 2, 2, 2, 2, 2, 2, 2, 2, 2] 35
  widths list of TS = [3, 3, 3, 3, 3, 3, 3, 3, 3, 3, 3, 3, 3, 3, 3, 3, 3, 3, 3, 3, 3, 1, 3, 3] 24
  genus = 0
  Wolfarht level = 60
 
 
 
  Component No. 63
  representatives:  [ 152  166  170  310  312  781  786  837  949  958 1018 1020 1233 1239
 1547 1548 1663 1665 1712 1720 1727 1736 1806 1812 2027 2031 2091 2170
 2180 2253 2723 2763 2766 2804 3267 3269]
  index of VG = 36
  base: (x,y,eps) = ( [[0, 1, 2, 3, 4, 5]] [[0], [1, 2, 4, 5, 3]] [0 0 0 1 0 0] )
  stratum: Q_ 3 [4, 4]
  widths list of T = [6, 6, 5, 5, 4, 4, 4, 2] 8
  widths list of S = [2, 2, 2, 2, 2, 2, 2, 2, 2, 2, 2, 2, 2, 2, 2, 2, 2, 2] 18
  widths list of TS = [3, 3, 3, 3, 3, 3, 3, 3, 3, 3, 3, 3] 12
  genus = 0
  Wolfarht level = 60
 
 
 
  Component No. 64
  representatives:  [ 171  509  520  838  987 1000 2254 2301 2391 2402 2789 2805]
  index of VG = 12
  base: (x,y,eps) = ( [[0, 1, 2, 3, 4, 5]] [[0], [1, 2, 4, 5], [3]] [0 1 0 0 1 0] )
  stratum: Q_ 2 [-1, -1, 0, 6]
  widths list of T = [6, 1, 3, 2] 4
  widths list of S = [2, 2, 2, 2, 2, 2] 6
  widths list of TS = [3, 3, 3, 3] 4
  genus = 0
  Wolfarht level = 6
 
 
 
  Component No. 65
  representatives:  [ 172  416  420  441  445  498 1772 1774 1789 1791 1916 1926 1930 1931
 1935 1959 1963 2026 2705 2707 2724 2806 2899 2905 2907 2957 2969 2973
 3187 3237]
  index of VG = 30
  base: (x,y,eps) = ( [[0, 1, 2, 3, 4, 5]] [[0], [1, 2, 4, 5], [3]] [0 0 1 0 1 0] )
  stratum: Q_ 2 [-1, -1, 3, 3]
  widths list of T = [6, 4, 4, 4, 4, 6, 2] 7
  widths list of S = [2, 2, 2, 2, 2, 2, 2, 2, 2, 2, 2, 2, 2, 2, 2] 15
  widths list of TS = [3, 3, 3, 3, 3, 3, 3, 3, 3, 3] 10
  genus = 0
  Wolfarht level = 12
 
 
 
  Component No. 66
  representatives:  [ 178  194  227  258  303  309  335  364  366  406  489  696  721  738
  862  877  881  882 1252 1423 1473 1510 1561 1612 1638 1648 1650 1662
 1669 1673 1678 1716 1718 1816 1822 1997 2021 2049 2100 2139 2168 2329
 2355 2425 2715 2748 2765 2774 3002 3009 3011 3014 3032 3050]
  index of VG = 54
  base: (x,y,eps) = ( [[0, 1, 2, 3, 4, 5]] [[0], [1, 2, 4], [3, 5]] [0 1 1 0 0 0] )
  stratum: Q_ 3 [1, 7]
  widths list of T = [6, 6, 6, 5, 5, 5, 4, 4, 3, 4, 6] 11
  widths list of S = [2, 2, 2, 2, 2, 2, 2, 2, 2, 2, 2, 2, 2, 2, 2, 2, 2, 2, 2, 2, 2, 2, 2, 2, 2, 2, 2] 27
  widths list of TS = [3, 3, 3, 3, 3, 3, 3, 3, 3, 3, 3, 3, 3, 3, 3, 3, 3, 3] 18
  genus = 0
  Wolfarht level = 60
 
 
 
  Component No. 67
  representatives:  [ 183  219  234  265  306  308  346  365  367  407  479  691  692  727
  853  854  899  904 1257 1440 1478 1485 1566 1613 1639 1643 1645 1664
 1670 1674 1690 1708 1711 1817 1829 1995 2007 2044 2110 2138 2165 2334
 2344 2436 2710 2759 2764 2773 2997 3005 3007 3024 3038 3045]
  index of VG = 54
  base: (x,y,eps) = ( [[0, 1, 2, 3, 4, 5]] [[0], [1, 2, 4], [3, 5]] [0 0 0 0 1 0] )
  stratum: Q_ 3 [1, 7]
  widths list of T = [6, 6, 6, 5, 5, 5, 4, 4, 3, 4, 6] 11
  widths list of S = [2, 2, 2, 2, 2, 2, 2, 2, 2, 2, 2, 2, 2, 2, 2, 2, 2, 2, 2, 2, 2, 2, 2, 2, 2, 2, 2] 27
  widths list of TS = [3, 3, 3, 3, 3, 3, 3, 3, 3, 3, 3, 3, 3, 3, 3, 3, 3, 3] 18
  genus = 0
  Wolfarht level = 60
 
 
 
  Component No. 68
  representatives:  [ 196  217  474  514  589  626 1282 1289 1460 1491 1504 2309 2316 2396
 3249]
  index of VG = 15
  base: (x,y,eps) = ( [[0, 1, 2, 3, 4, 5]] [[0], [1, 2, 4, 3, 5]] [0 1 0 1 0 0] )
  stratum: Q_ 2 [-1, -1, 3, 3]
  widths list of T = [6, 5, 3, 1] 4
  widths list of S = [2, 2, 2, 2, 2, 2, 2, 1] 8
  widths list of TS = [3, 3, 3, 3, 3] 5
  genus = 0
  Wolfarht level = 30
 
 
 
  Component No. 69
  representatives:  [ 205  208  248  254  269  275  279  288  354  377  414  418  481  493
  579  582  633  636 1232 1234 1242 1245 1284 1288 1299 1387 1390 1393
 1396 1402 1413 1418 1431 1432 1445 1496 1499 1559 1568 1625 1626 1697
 1703 1771 1773 1805 1810 1993 1999 2011 2017 2293 2311 2315 2901 2904
 2906 2961 2967 2971 3074 3075 3080 3126 3128 3138]
  index of VG = 66
  base: (x,y,eps) = ( [[0, 1, 2, 3, 4, 5]] [[0], [1, 2, 4, 3, 5]] [0 0 1 1 1 0] )
  stratum: Q_ 3 [-1, 9]
  widths list of T = [6, 6, 6, 5, 5, 5, 5, 5, 4, 4, 3, 6, 6] 13
  widths list of S = [2, 2, 2, 2, 2, 2, 2, 2, 2, 2, 2, 2, 2, 2, 2, 2, 2, 2, 2, 2, 2, 2, 2, 2, 2, 2, 2, 2, 2, 2, 2, 2, 2] 33
  widths list of TS = [3, 3, 3, 3, 3, 3, 3, 3, 3, 3, 3, 3, 3, 3, 3, 3, 3, 3, 3, 3, 3, 3] 22
  genus = 0
  Wolfarht level = 60
 
 
 
  Component No. 70
  representatives:  [ 225  236  437  776  915  928  943 1814 1819 1927 1955 2712 2713 2753
 2754]
  index of VG = 15
  base: (x,y,eps) = ( [[0, 1, 2, 3, 4, 5]] [[0], [1, 2, 5, 3], [4]] [0 0 1 0 0 0] )
  stratum: Q_ 2 [-1, 1, 1, 3]
  widths list of T = [6, 1, 4, 4] 4
  widths list of S = [2, 2, 2, 2, 2, 2, 2, 1] 8
  widths list of TS = [3, 3, 3, 3, 3] 5
  genus = 0
  Wolfarht level = 12
 
 
 
  Component No. 71
  representatives:  [ 226  235  281  286  304  313  352  379  728  758  766  782  861  870
  940  959 1039 1041 1243 1244 1469 1470 1474 1481 1517 1526 1577 1586
 1614 1637 1656 1713 1717 2064 2077 2098 2099 2109 2112 2140 2166 2337
 2426 2456 2718 2749 2758 2769 3069 3072 3077 3116 3122 3132]
  index of VG = 54
  base: (x,y,eps) = ( [[0, 1, 2, 3, 4, 5]] [[0], [1, 2, 5, 3], [4]] [0 1 1 0 0 0] )
  stratum: Q_ 3 [1, 7]
  widths list of T = [6, 6, 6, 5, 5, 5, 4, 4, 3, 4, 6] 11
  widths list of S = [2, 2, 2, 2, 2, 2, 2, 2, 2, 2, 2, 2, 2, 2, 2, 2, 2, 2, 2, 2, 2, 2, 2, 2, 2, 2, 2] 27
  widths list of TS = [3, 3, 3, 3, 3, 3, 3, 3, 3, 3, 3, 3, 3, 3, 3, 3, 3, 3] 18
  genus = 0
  Wolfarht level = 60
 
 
 
  Component No. 72
  representatives:  [ 241  245  835  845 1027 1035 2198 2200 2238 2243 2246 2247 2249 2261
 2784 2785 2797 2799]
  index of VG = 18
  base: (x,y,eps) = ( [[0, 1, 2, 3, 4, 5]] [[0], [1, 2, 5, 4], [3]] [0 1 1 0 0 0] )
  stratum: Q_ 3 [4, 4]
  widths list of T = [6, 4, 4, 4] 4
  widths list of S = [2, 2, 2, 2, 2, 2, 2, 2, 1, 1] 10
  widths list of TS = [3, 3, 3, 3, 3, 3] 6
  genus = 0
  Wolfarht level = 12
 
 
 
  Component No. 73
  representatives:  [ 247  276  384  399  485  809 1255 1325 1404 1407 1408 1411 1417 1446
 1593 1603 1826 2015]
  index of VG = 18
  base: (x,y,eps) = ( [[0, 1, 2, 3, 4, 5]] [[0], [1, 2, 5, 3, 4]] [0 1 0 0 0 0] )
  stratum: Q_ 2 [-1, 1, 2, 2]
  widths list of T = [6, 5, 5, 2] 4
  widths list of S = [2, 2, 2, 2, 2, 1, 2, 1, 2, 2] 10
  widths list of TS = [3, 3, 3, 3, 3, 3] 6
  genus = 0
  Wolfarht level = 30
 
 
 
  Component No. 74
  representatives:  [ 284  291  439  675  683  812  813 1785 1957 3111 3125 3131]
  index of VG = 12
  base: (x,y,eps) = ( [[0, 1, 2, 3, 4, 5]] [[0], [1, 2, 5], [3, 4]] [0 0 1 1 0 0] )
  stratum: Q_ 1 [-1, -1, -1, 0, 1, 2]
  widths list of T = [6, 1, 2, 3] 4
  widths list of S = [2, 2, 2, 2, 2, 2] 6
  widths list of TS = [3, 3, 3, 3] 4
  genus = 0
  Wolfarht level = 6
 
 
 
  Component No. 75
  representatives:  [ 294  297  427  914  929 1012 2486 3203 3232 3371 3374 3377]
  index of VG = 12
  base: (x,y,eps) = ( [[0, 1, 2, 3, 4, 5]] [[0], [1, 3, 5], [2], [4]] [0 0 0 0 0 0] )
  stratum: A_ 3 [4, 4]
  widths list of T = [6, 1, 2, 3] 4
  widths list of S = [2, 2, 2, 2, 2, 2] 6
  widths list of TS = [3, 3, 3, 3] 4
  genus = 0
  Wolfarht level = 6
 
 
 
  Component No. 76
  representatives:  [ 295  296  320  324  327  329  457  469  475  779  788  798  829  951
  956 1007 1008 1013 1832 1834 1975 1987 2485 2488 2491 3143 3146 3155
 3159 3163 3165 3205 3250 3373 3375 3376]
  index of VG = 36
  base: (x,y,eps) = ( [[0, 1, 2, 3, 4, 5]] [[0], [1, 3, 5], [2], [4]] [0 1 0 0 0 0] )
  stratum: Q_ 3 [4, 4]
  widths list of T = [6, 6, 6, 4, 3, 6, 2, 3] 8
  widths list of S = [2, 2, 2, 2, 2, 2, 2, 2, 2, 2, 2, 2, 2, 2, 2, 2, 2, 2] 18
  widths list of TS = [3, 3, 3, 3, 3, 3, 3, 3, 3, 3, 3, 3] 12
  genus = 0
  Wolfarht level = 12
 
 
 
  Component No. 77
  representatives:  [ 307  314  332  916  922  969 1250 1710 1722 1731 1734 2040 2172 2178
 2203 3208 3244 3506]
  index of VG = 18
  base: (x,y,eps) = ( [[0, 1, 2, 3, 4, 5]] [[0], [1, 3, 5, 2, 4]] [0 0 1 0 1 0] )
  stratum: Q_ 3 [4, 4]
  widths list of T = [6, 5, 4, 2, 1] 5
  widths list of S = [2, 2, 2, 2, 2, 2, 2, 2, 2] 9
  widths list of TS = [3, 3, 3, 3, 3, 3] 6
  genus = 0
  Wolfarht level = 60
 
 
 
  Component No. 78
  representatives:  [ 322  326  425  487  491  834 1777 1835 1836 2009 2019 2035 2080 2083
 2092 2252 3145 3147 3149 3152 3158 3162 3499 3516]
  index of VG = 24
  base: (x,y,eps) = ( [[0, 1, 2, 3, 4, 5]] [[0], [1, 3, 5], [2, 4]] [0 0 0 1 0 0] )
  stratum: Q_ 3 [2, 6]
  widths list of T = [6, 4, 2, 4, 6, 2] 6
  widths list of S = [2, 2, 2, 2, 2, 2, 2, 2, 2, 2, 2, 2] 12
  widths list of TS = [3, 3, 3, 3, 3, 3, 3, 3] 8
  genus = 0
  Wolfarht level = 12
 
 
 
  Component No. 79
  representatives:  [ 331  403  409  695  723  885  913  983  996 2775 3492 3507]
  index of VG = 12
  base: (x,y,eps) = ( [[0, 1, 2, 3, 4, 5]] [[0], [1, 3], [2, 5], [4]] [0 1 0 0 0 0] )
  stratum: Q_ 3 [2, 6]
  widths list of T = [6, 3, 1, 2] 4
  widths list of S = [2, 2, 2, 2, 2, 2] 6
  widths list of TS = [3, 3, 3, 3] 4
  genus = 0
  Wolfarht level = 6
 
 
 
  Component No. 80
  representatives:  [ 333  735  757 1032 1054 1058 2195 2326 2433 2455 3489 3508]
  index of VG = 12
  base: (x,y,eps) = ( [[0, 1, 2, 3, 4, 5]] [[0], [1, 3], [2, 5], [4]] [0 1 1 0 0 0] )
  stratum: Q_ 3 [2, 6]
  widths list of T = [6, 1, 3, 2] 4
  widths list of S = [2, 2, 2, 2, 2, 2] 6
  widths list of TS = [3, 3, 3, 3] 4
  genus = 0
  Wolfarht level = 6
 
 
 
  Component No. 81
  representatives:  [ 351  362  369  380  473  986 1249 1459 1521 1522 1576 1587 1611 1617
 1634 1640 3207 3248]
  index of VG = 18
  base: (x,y,eps) = ( [[0, 1, 2, 3, 4, 5]] [[0], [1, 3, 4, 2, 5]] [0 1 0 0 0 0] )
  stratum: Q_ 3 [4, 4]
  widths list of T = [6, 5, 5, 2] 4
  widths list of S = [2, 2, 2, 2, 2, 1, 2, 1, 2, 2] 10
  widths list of TS = [3, 3, 3, 3, 3, 3] 6
  genus = 0
  Wolfarht level = 30
 
 
 
  Component No. 82
  representatives:  [ 404  971  979 1028 1036 1063 2199 2201 2213 2215 2231 2234 2241 2244
 3258 3264 3493 3504]
  index of VG = 18
  base: (x,y,eps) = ( [[0, 1, 2, 3, 4, 5]] [[0], [1, 4], [2, 5], [3]] [0 1 1 0 0 0] )
  stratum: Q_ 3 [4, 4]
  widths list of T = [6, 4, 4, 2, 2] 5
  widths list of S = [2, 2, 2, 2, 2, 2, 2, 2, 2] 9
  widths list of TS = [3, 3, 3, 3, 3, 3] 6
  genus = 0
  Wolfarht level = 12
 
 
 
  Component No. 83
  representatives:  [ 410  411  499  968  978 1019 2212 2214 2233 2237 2777 2778 2795 2800
 3198 3238 3263 3268]
  index of VG = 18
  base: (x,y,eps) = ( [[0, 1, 2, 3, 4, 5]] [[0], [1, 4, 2, 5], [3]] [0 0 1 0 1 0] )
  stratum: Q_ 2 [1, 1, 1, 1]
  widths list of T = [6, 4, 4, 2, 2] 5
  widths list of S = [2, 2, 2, 2, 2, 2, 2, 2, 2] 9
  widths list of TS = [3, 3, 3, 3, 3, 3] 6
  genus = 0
  Wolfarht level = 12
 
 
 
  Component No. 84
  representatives:  [ 424  497 3185 3236 3497 3515]
  index of VG = 6
  base: (x,y,eps) = ( [[0, 1, 2, 3, 4, 5]] [[0], [1, 5], [2, 4], [3]] [0 0 0 0 0 0] )
  stratum: A_ 3 [4, 4]
  widths list of T = [2, 2, 2] 3
  widths list of S = [2, 2, 2] 3
  widths list of TS = [3, 3] 2
  genus = 0
  Wolfarht level = 2
 
 
 
  Component No. 85
  representatives:  [ 426  995  997 1009 1014 1021 2473 2489 2493 3253 3270 3517]
  index of VG = 12
  base: (x,y,eps) = ( [[0, 1, 2, 3, 4, 5]] [[0], [1, 5], [2, 4], [3]] [0 1 1 0 0 0] )
  stratum: Q_ 2 [0, 0, 2, 2]
  widths list of T = [6, 3, 2, 1] 4
  widths list of S = [2, 2, 2, 2, 2, 2] 6
  widths list of TS = [3, 3, 3, 3] 4
  genus = 0
  Wolfarht level = 6
 
 
 
  Component No. 86
  representatives:  [ 430  535 3235]
  index of VG = 3
  base: (x,y,eps) = ( [[0, 1, 2, 3, 4, 5]] [[0, 1], [2, 3], [4, 5]] [1 0 1 0 1 0] )
  stratum: Q_ 0 [-1, -1, -1, -1, -1, -1, 1, 1]
  widths list of T = [2, 1] 2
  widths list of S = [2, 1] 2
  widths list of TS = [3] 1
  genus = 0
  Wolfarht level = 2
 
 
 
  Component No. 87
  representatives:  [ 440 1934 1958]
  index of VG = 3
  base: (x,y,eps) = ( [[0, 1, 2, 3, 4, 5]] [[0, 1], [2, 3, 4, 5]] [1 0 1 0 1 0] )
  stratum: Q_ 0 [-1, -1, -1, -1, -1, 0, 0, 1]
  widths list of T = [1, 2] 2
  widths list of S = [2, 1] 2
  widths list of TS = [3] 1
  genus = 0
  Wolfarht level = 2
 
 
 
  Component No. 88
  representatives:  [ 502  680  686 3241]
  index of VG = 4
  base: (x,y,eps) = ( [[0, 1, 2, 3, 4, 5]] [[0, 1], [2, 5], [3, 4]] [1 0 1 1 0 0] )
  stratum: Q_ 0 [-1, -1, -1, -1, 0, 0, 0, 0]
  widths list of T = [3, 1] 2
  widths list of S = [2, 2] 2
  widths list of TS = [3, 1] 2
  genus = 0
  Wolfarht level = 3
 
 
 
  Component No. 89
  representatives:  [923]
  index of VG = 1
  base: (x,y,eps) = ( [[0, 1, 2, 3, 4, 5]] [[0, 1, 4, 5, 2, 3]] [1 0 1 0 1 0] )
  stratum: Q_ 1 [-1, -1, -1, 1, 1, 1]
  widths list of T = [1] 1
  widths list of S = [1] 1
  widths list of TS = [1] 1
  genus = 0
  Wolfarht level = 1
 
 
 
  Component No. 90
  representatives:  [ 977 2041 2055 2060 2211 3243]
  index of VG = 6
  base: (x,y,eps) = ( [[0, 1, 2, 3, 4, 5]] [[0, 1, 4, 3], [2, 5]] [0 1 1 1 0 0] )
  stratum: Q_ 1 [-1, -1, 0, 0, 1, 1]
  widths list of T = [1, 4, 1] 3
  widths list of S = [2, 2, 2] 3
  widths list of TS = [3, 3] 2
  genus = 0
  Wolfarht level = 4
 
 
 
  Component No. 91
  representatives:  [1034 2052 2061 2088 2197 2695]
  index of VG = 6
  base: (x,y,eps) = ( [[0, 1, 2, 3, 4, 5]] [[0, 2, 5, 3], [1, 4]] [0 1 1 1 0 0] )
  stratum: Q_ 2 [0, 1, 1, 2]
  widths list of T = [1, 4, 1] 3
  widths list of S = [2, 2, 2] 3
  widths list of TS = [3, 3] 2
  genus = 0
  Wolfarht level = 4
 
 
 
  Component No. 92
  representatives:  [1064 3259 3261]
  index of VG = 3
  base: (x,y,eps) = ( [[0, 1, 2, 3, 4, 5]] [[0, 3], [1, 4], [2, 5]] [1 1 1 0 0 0] )
  stratum: Q_ 2 [1, 1, 1, 1]
  widths list of T = [1, 2] 2
  widths list of S = [2, 1] 2
  widths list of TS = [3] 1
  genus = 0
  Wolfarht level = 2
 
 
 
  Component No. 93
  representatives:  [1203 1384 1399 1466 1477 2063 2078 2097 2111 3453]
  index of VG = 10
  base: (x,y,eps) = ( [[0], [1, 2, 3, 4, 5]] [[0, 1], [2], [3], [4, 5]] [0 0 0 0 0 0] )
  stratum: A_ 3 [0, 8]
  widths list of T = [5, 4, 1] 3
  widths list of S = [2, 2, 2, 2, 2] 5
  widths list of TS = [3, 3, 3, 1] 4
  genus = 0
  Wolfarht level = 20
 
 
 
  Component No. 94
  representatives:  [1205 1456 1465 1679 1691 2342 2357 2414 3501]
  index of VG = 9
  base: (x,y,eps) = ( [[0], [1, 2, 3, 4, 5]] [[0, 1], [2], [3, 4], [5]] [0 0 0 0 0 0] )
  stratum: A_ 3 [4, 4]
  widths list of T = [5, 3, 1] 3
  widths list of S = [2, 2, 2, 2, 1] 5
  widths list of TS = [3, 3, 3] 3
  genus = 0
  Wolfarht level = 15
 
 
 
  Component No. 95
  representatives:  [1215 1230 1400 1415 1514 1529 1558 1569 1574 1589 1768 1803 1989 2003
 3474 3482]
  index of VG = 16
  base: (x,y,eps) = ( [[0], [1, 2, 3, 4, 5]] [[0, 1], [2], [3, 5], [4]] [0 0 0 0 0 0] )
  stratum: A_ 3 [2, 6]
  widths list of T = [5, 5, 4, 2] 4
  widths list of S = [2, 2, 2, 2, 2, 2, 2, 2] 8
  widths list of TS = [3, 3, 1, 3, 3, 3] 6
  genus = 0
  Wolfarht level = 20
 
 
 
  Component No. 96
  representatives:  [1220 1229 1267 1269 1322 1331 1675 1694 1725 1735 1793 1802 1897 2029
 2089 2169 2179 2216 2340 2359 2458 3342 3344 3346]
  index of VG = 24
  base: (x,y,eps) = ( [[0], [1, 2, 3, 4, 5]] [[0, 1], [2, 3, 4, 5]] [0 0 0 0 0 0] )
  stratum: A_ 2 [0, 0, 2, 2]
  widths list of T = [5, 5, 4, 4, 3, 3] 6
  widths list of S = [2, 2, 2, 2, 2, 2, 2, 2, 2, 2, 2, 2] 12
  widths list of TS = [3, 3, 3, 3, 3, 3, 3, 3] 8
  genus = 0
  Wolfarht level = 60
 
 
 
  Component No. 97
  representatives:  [1225 1285 1314 1461 1658 1786 1800 1911 1941 2295 2321 2367 3109 3115
 3137]
  index of VG = 15
  base: (x,y,eps) = ( [[0], [1, 2, 3, 4, 5]] [[0, 1], [2, 3, 4, 5]] [0 0 0 1 1 0] )
  stratum: Q_ 2 [-1, -1, 3, 3]
  widths list of T = [5, 4, 3, 3] 4
  widths list of S = [2, 2, 2, 1, 2, 2, 2, 2] 8
  widths list of TS = [3, 3, 3, 3, 3] 5
  genus = 0
  Wolfarht level = 60
 
 
 
  Component No. 98
  representatives:  [1227 1294 1312 1463 1660 1784 1798 1907 1945 2297 2312 2371 3113 3119
 3141]
  index of VG = 15
  base: (x,y,eps) = ( [[0], [1, 2, 3, 4, 5]] [[0, 1], [2, 3, 4, 5]] [0 0 1 0 0 1] )
  stratum: Q_ 2 [-1, -1, 3, 3]
  widths list of T = [5, 4, 3, 3] 4
  widths list of S = [2, 2, 2, 1, 2, 2, 2, 2] 8
  widths list of TS = [3, 3, 3, 3, 3] 5
  genus = 0
  Wolfarht level = 60
 
 
 
  Component No. 99
  representatives:  [1251 1278 1315 1651 1652 1780 1821 1913 1937 2272 2324 2363 3356 3359
 3370]
  index of VG = 15
  base: (x,y,eps) = ( [[0], [1, 2, 3, 4, 5]] [[0, 1], [2, 4, 3, 5]] [0 0 0 0 0 0] )
  stratum: A_ 3 [0, 8]
  widths list of T = [5, 4, 3, 3] 4
  widths list of S = [2, 2, 2, 1, 2, 2, 2, 2] 8
  widths list of TS = [3, 3, 3, 3, 3] 5
  genus = 0
  Wolfarht level = 60
 
 
 
  Component No. 100
  representatives:  [1256 1258 1301 1303 1677 1693 1700 1702 1729 1733 1823 1828 1917 2033
 2090 2171 2177 2217 2343 2356 2461 2956 2960 2964]
  index of VG = 24
  base: (x,y,eps) = ( [[0], [1, 2, 3, 4, 5]] [[0, 1], [2, 4, 3, 5]] [0 0 0 1 1 0] )
  stratum: Q_ 3 [2, 6]
  widths list of T = [5, 5, 4, 4, 3, 3] 6
  widths list of S = [2, 2, 2, 2, 2, 2, 2, 2, 2, 2, 2, 2] 12
  widths list of TS = [3, 3, 3, 3, 3, 3, 3, 3] 8
  genus = 0
  Wolfarht level = 60
 
 
 
  Component No. 101
  representatives:  [1260 1297 1310 1642 1654 1778 1830 1903 1947 2274 2305 2373 3354 3357
 3368]
  index of VG = 15
  base: (x,y,eps) = ( [[0], [1, 2, 3, 4, 5]] [[0, 1], [2, 4, 3, 5]] [0 0 1 1 1 1] )
  stratum: A_ 3 [0, 8]
  widths list of T = [5, 4, 3, 3] 4
  widths list of S = [2, 2, 2, 1, 2, 2, 2, 2] 8
  widths list of TS = [3, 3, 3, 3, 3] 5
  genus = 0
  Wolfarht level = 60
 
 
 
  Component No. 102
  representatives:  [1261 1280 1295 1695 1704 2270 2307 2322 3445 3458]
  index of VG = 10
  base: (x,y,eps) = ( [[0], [1, 2, 3, 4, 5]] [[0, 1], [2, 5], [3], [4]] [0 0 0 0 0 0] )
  stratum: A_ 3 [0, 8]
  widths list of T = [5, 3, 2] 3
  widths list of S = [2, 2, 2, 2, 2] 5
  widths list of TS = [3, 3, 3, 1] 4
  genus = 0
  Wolfarht level = 30
 
 
 
  Component No. 103
  representatives:  [1263 1298 1300 1655 1657 1781 1783 1915 2025 2292 2294 2300 2717 2719
 2722 2786 2898 2900 2902 2955 2959 2963 3065 3067 3068 3070 3079 3081
 3108 3112 3114 3118 3136 3140 3186 3199]
  index of VG = 36
  base: (x,y,eps) = ( [[0], [1, 2, 3, 4, 5]] [[0, 1], [2, 5], [3, 4]] [0 0 0 0 0 0] )
  stratum: A_ 3 [4, 4]
  widths list of T = [5, 4, 3, 4, 6, 6, 6, 2] 8
  widths list of S = [2, 2, 2, 2, 2, 2, 2, 2, 2, 2, 2, 2, 2, 2, 2, 2, 2, 2] 18
  widths list of TS = [3, 3, 3, 3, 3, 3, 3, 3, 3, 3, 3, 3] 12
  genus = 0
  Wolfarht level = 60
 
 
 
  Component No. 104
  representatives:  [1264 1644 1649 1680 1689 2345 2354 2411 3200]
  index of VG = 9
  base: (x,y,eps) = ( [[0], [1, 2, 3, 4, 5]] [[0, 1], [2, 5], [3, 4]] [0 0 1 0 0 0] )
  stratum: Q_ 2 [1, 1, 1, 1]
  widths list of T = [5, 3, 1] 3
  widths list of S = [2, 2, 2, 2, 1] 5
  widths list of TS = [3, 3, 3] 3
  genus = 0
  Wolfarht level = 15
 
 
 
  Component No. 105
  representatives:  [1265 1287 1292 1327 1329 2314 2319 2361 3201 3230]
  index of VG = 10
  base: (x,y,eps) = ( [[0], [1, 2, 3, 4, 5]] [[0, 1], [2, 5], [3, 4]] [0 0 0 1 0 0] )
  stratum: Q_ 2 [-1, -1, 3, 3]
  widths list of T = [5, 3, 2] 3
  widths list of S = [2, 2, 2, 2, 2] 5
  widths list of TS = [3, 3, 3, 1] 4
  genus = 0
  Wolfarht level = 30
 
 
 
  Component No. 106
  representatives:  [1776 1831 1925 1929 3372 3498]
  index of VG = 6
  base: (x,y,eps) = ( [[0, 1], [2, 3, 4, 5]] [[0], [1, 2], [3, 5], [4]] [0 0 0 0 0 0] )
  stratum: A_ 3 [4, 4]
  widths list of T = [4, 1, 1] 3
  widths list of S = [2, 2, 2] 3
  widths list of TS = [3, 3] 2
  genus = 0
  Wolfarht level = 4
 
 
 
  Component No. 107
  representatives:  [2036 2056 2059 2096 2225 2468]
  index of VG = 6
  base: (x,y,eps) = ( [[0, 1], [2, 3, 4, 5]] [[0, 1, 2, 4], [3, 5]] [1 0 1 1 0 0] )
  stratum: Q_ 2 [-1, -1, 2, 4]
  widths list of T = [1, 4, 1] 3
  widths list of S = [2, 2, 2] 3
  widths list of TS = [3, 3] 2
  genus = 0
  Wolfarht level = 4
 
 
 
  Component No. 108
  representatives:  [2037 2051 2062 2181 2476 3465]
  index of VG = 6
  base: (x,y,eps) = ( [[0, 1], [2, 3, 4, 5]] [[0, 2], [1, 3], [4], [5]] [0 0 0 0 0 0] )
  stratum: A_ 2 [0, 0, 0, 4]
  widths list of T = [4, 1, 1] 3
  widths list of S = [2, 2, 2] 3
  widths list of TS = [3, 3] 2
  genus = 0
  Wolfarht level = 4
 
 
 
  Component No. 109
  representatives:  [2186 2187 2235 2245 2474 2481 2482 3254 3265]
  index of VG = 9
  base: (x,y,eps) = ( [[0, 1], [2, 3, 4, 5]] [[0, 2, 4], [1, 3, 5]] [0 0 0 1 1 0] )
  stratum: Q_ 3 [4, 4]
  widths list of T = [4, 3, 2] 3
  widths list of S = [2, 2, 2, 1, 2] 5
  widths list of TS = [3, 3, 3] 3
  genus = 0
  Wolfarht level = 12
 
 
 
  Component No. 110
  representatives:  [2223 2415 2416 2469]
  index of VG = 4
  base: (x,y,eps) = ( [[0, 1], [2, 3, 4, 5]] [[0, 2, 5], [1, 3, 4]] [1 0 1 1 0 0] )
  stratum: Q_ 2 [-1, -1, 0, 6]
  widths list of T = [1, 3] 2
  widths list of S = [2, 2] 2
  widths list of TS = [3, 1] 2
  genus = 0
  Wolfarht level = 3
 
 
 
  Component No. 111
  representatives:  [2226 2228 2239 2242 2339 2460 2470 2771 2801]
  index of VG = 9
  base: (x,y,eps) = ( [[0, 1], [2, 3, 4, 5]] [[0, 2, 5], [1, 3, 4]] [0 0 0 1 1 0] )
  stratum: Q_ 2 [1, 1, 1, 1]
  widths list of T = [4, 3, 2] 3
  widths list of S = [2, 2, 2, 1, 2] 5
  widths list of TS = [3, 3, 3] 3
  genus = 0
  Wolfarht level = 12
 
 
 
  Component No. 112
  representatives:  [2227 2229 2230 2240 2327 2463 2471 3490 3503]
  index of VG = 9
  base: (x,y,eps) = ( [[0, 1], [2, 3, 4, 5]] [[0, 2, 5], [1, 3, 4]] [1 0 0 1 1 0] )
  stratum: A_ 2 [0, 0, 2, 2]
  widths list of T = [4, 3, 2] 3
  widths list of S = [2, 2, 2, 1, 2] 5
  widths list of TS = [3, 3, 3] 3
  genus = 0
  Wolfarht level = 12
 
 
 
  Component No. 113
  representatives:  [2298 2304 2360 2791 2792 2794 2796 3197 3229]
  index of VG = 9
  base: (x,y,eps) = ( [[0, 1, 2], [3, 4, 5]] [[0], [1, 2, 3, 4], [5]] [0 0 0 0 0 0] )
  stratum: A_ 3 [4, 4]
  widths list of T = [3, 4, 2] 3
  widths list of S = [2, 2, 2, 2, 1] 5
  widths list of TS = [3, 3, 3] 3
  genus = 0
  Wolfarht level = 12
 
 
 
  Component No. 114
  representatives:  [2325 2409 2420 3488]
  index of VG = 4
  base: (x,y,eps) = ( [[0, 1, 2], [3, 4, 5]] [[0], [1, 3], [2, 4], [5]] [0 0 0 0 0 0] )
  stratum: A_ 2 [0, 0, 2, 2]
  widths list of T = [3, 1] 2
  widths list of S = [2, 2] 2
  widths list of TS = [3, 1] 2
  genus = 0
  Wolfarht level = 3
 
 
 
  Component No. 115
  representatives:  [2338 2412 2421 2770]
  index of VG = 4
  base: (x,y,eps) = ( [[0, 1, 2], [3, 4, 5]] [[0], [1, 3, 2, 4], [5]] [0 1 0 1 0 0] )
  stratum: Q_ 3 [2, 6]
  widths list of T = [3, 1] 2
  widths list of S = [2, 2] 2
  widths list of TS = [3, 1] 2
  genus = 0
  Wolfarht level = 3
 
 
 
  Component No. 116
  representatives:  [2475 3255 3260]
  index of VG = 3
  base: (x,y,eps) = ( [[0, 1, 2], [3, 4, 5]] [[0, 3], [1, 4], [2, 5]] [1 1 1 0 0 0] )
  stratum: A_ 1 [0, 0, 0, 0, 0, 0]
  widths list of T = [1, 2] 2
  widths list of S = [2, 1] 2
  widths list of TS = [3] 1
  genus = 0
  Wolfarht level = 2
 
 
 
